        1       2       5       6       3       0       0       0       0       0
        2       1       4       5       2       0       0       0       0       0
        3       8      11      12       9       0       0       0       0       0
        4       7      10      11       8       0       0       0       0       0
        5      14      17      18      15       0       0       0       0       0
        6      17      20      21      18       0       0       0       0       0
        7      20      23      24      21       0       0       0       0       0
        8      23      26      27      24       0       0       0       0       0
        9      26      29      30      27       0       0       0       0       0
       10      29      32      33      30       0       0       0       0       0
       11      32      35      36      33       0       0       0       0       0
       12      35      38      39      36       0       0       0       0       0
       13      13      16      17      14       0       0       0       0       0
       14      16      19      20      17       0       0       0       0       0
       15      19      22      23      20       0       0       0       0       0
       16      22      25      26      23       0       0       0       0       0
       17      25      28      29      26       0       0       0       0       0
       18      28      31      32      29       0       0       0       0       0
       19      31      34      35      32       0       0       0       0       0
       20      34      37      38      35       0       0       0       0       0
       21      41      44      45      42       0       0       0       0       0
       22      44      47      48      45       0       0       0       0       0
       23      47      50      51      48       0       0       0       0       0
       24      50      53      54      51       0       0       0       0       0
       25      40      43      44      41       0       0       0       0       0
       26      43      46      47      44       0       0       0       0       0
       27      46      49      50      47       0       0       0       0       0
       28      49      52      53      50       0       0       0       0       0
       29      56      59      60      57       0       0       0       0       0
       30      59      62      63      60       0       0       0       0       0
       31      62      65      66      63       0       0       0       0       0
       32      65      68      69      66       0       0       0       0       0
       33      68      71      72      69       0       0       0       0       0
       34      71      74      75      72       0       0       0       0       0
       35      74      77      78      75       0       0       0       0       0
       36      77      80      81      78       0       0       0       0       0
       37      55      58      59      56       0       0       0       0       0
       38      58      61      62      59       0       0       0       0       0
       39      61      64      65      62       0       0       0       0       0
       40      64      67      68      65       0       0       0       0       0
       41      67      70      71      68       0       0       0       0       0
       42      70      73      74      71       0       0       0       0       0
       43      73      76      77      74       0       0       0       0       0
       44      76      79      80      77       0       0       0       0       0
       45      83      86      87      84       0       0       0       0       0
       46      86      89      90      87       0       0       0       0       0
       47      89      92      93      90       0       0       0       0       0
       48      92      95      96      93       0       0       0       0       0
       49      95      98      99      96       0       0       0       0       0
       50      98     101     102      99       0       0       0       0       0
       51     101     104     105     102       0       0       0       0       0
       52     104     107     108     105       0       0       0       0       0
       53      82      85      86      83       0       0       0       0       0
       54      85      88      89      86       0       0       0       0       0
       55      88      91      92      89       0       0       0       0       0
       56      91      94      95      92       0       0       0       0       0
       57      94      97      98      95       0       0       0       0       0
       58      97     100     101      98       0       0       0       0       0
       59     100     103     104     101       0       0       0       0       0
       60     103     106     107     104       0       0       0       0       0
       61     110     113     114     111       0       0       0       0       0
       62     113     116     117     114       0       0       0       0       0
       63     116     119     120     117       0       0       0       0       0
       64     119     122     123     120       0       0       0       0       0
       65     109     112     113     110       0       0       0       0       0
       66     112     115     116     113       0       0       0       0       0
       67     115     118     119     116       0       0       0       0       0
       68     118     121     122     119       0       0       0       0       0
       69     125     128     129     126       0       0       0       0       0
       70     128     131     132     129       0       0       0       0       0
       71     131     134     135     132       0       0       0       0       0
       72     134     137     138     135       0       0       0       0       0
       73     137     140     141     138       0       0       0       0       0
       74     140     143     144     141       0       0       0       0       0
       75     143     146     147     144       0       0       0       0       0
       76     146     149     150     147       0       0       0       0       0
       77     124     127     128     125       0       0       0       0       0
       78     127     130     131     128       0       0       0       0       0
       79     130     133     134     131       0       0       0       0       0
       80     133     136     137     134       0       0       0       0       0
       81     136     139     140     137       0       0       0       0       0
       82     139     142     143     140       0       0       0       0       0
       83     142     145     146     143       0       0       0       0       0
       84     145     148     149     146       0       0       0       0       0