1 1
1 0 0    # Timoshenko_flag  recover_flag  thermal_flag
1 0 0 0  # curve_flag  oblique_flag  trapeze_flag  Vlasov_flag
0.0 0.0 0.0

68 60 1   # nnode  nelem  nmate   (where: nnode = total number of nodes, nelem = total number of elements, nmate = total number of material types)

 1    -0.50000000    -1.00000000
 2    -0.25000000    -1.00000000
 3    -0.25000000     1.00000000
 4    -0.50000000     1.00000000
 5     0.25000000    -1.00000000
 6     0.50000000    -1.00000000
 7     0.50000000     1.00000000
 8     0.25000000     1.00000000
 9    -0.41666667    -1.00000000
10    -0.33333333    -1.00000000
11    -0.41666667     1.00000000
12    -0.33333333     1.00000000
13    -0.50000000    -0.66666667
14    -0.50000000    -0.33333333
15    -0.50000000     0.00000000
16    -0.50000000     0.33333333
17    -0.50000000     0.66666667
18    -0.25000000    -0.66666667
19    -0.25000000    -0.33333333
20    -0.25000000     0.00000000
21    -0.25000000     0.33333333
22    -0.25000000     0.66666667
23     0.33333333    -1.00000000
24     0.41666667    -1.00000000
25     0.33333333     1.00000000
26     0.41666667     1.00000000
27     0.25000000    -0.66666667
28     0.25000000    -0.33333333
29     0.25000000     0.00000000
30     0.25000000     0.33333333
31     0.25000000     0.66666667
32     0.50000000    -0.66666667
33     0.50000000    -0.33333333
34     0.50000000     0.00000000
35     0.50000000     0.33333333
36     0.50000000     0.66666667
37    -0.12500000    -1.00000000
38     0.00000000    -1.00000000
39     0.12500000    -1.00000000
40    -0.12500000     1.00000000
41     0.00000000     1.00000000
42     0.12500000     1.00000000
43    -0.41666667    -0.66666667
44    -0.41666667    -0.33333333
45    -0.41666667     0.00000000
46    -0.41666667     0.33333333
47    -0.41666667     0.66666667
48    -0.33333333    -0.66666667
49    -0.33333333    -0.33333333
50    -0.33333333     0.00000000
51    -0.33333333     0.33333333
52    -0.33333333     0.66666667
53    -0.12500000    -0.33333333
54    -0.12500000     0.33333333
55     0.12500000    -0.33333333
56     0.12500000     0.33333333
57     0.00000000    -0.33333333
58     0.00000000     0.33333333
59     0.33333333    -0.66666667
60     0.33333333    -0.33333333
61     0.33333333     0.00000000
62     0.33333333     0.33333333
63     0.33333333     0.66666667
64     0.41666667    -0.66666667
65     0.41666667    -0.33333333
66     0.41666667     0.00000000
67     0.41666667     0.33333333
68     0.41666667     0.66666667

 1     1   9  43  13   0   0   0   0   0
 2    13  43  44  14   0   0   0   0   0
 3    14  44  45  15   0   0   0   0   0
 4    15  45  46  16   0   0   0   0   0
 5    16  46  47  17   0   0   0   0   0
 6    17  47  11   4   0   0   0   0   0
 7     9  10  48  43   0   0   0   0   0
 8    43  48  49  44   0   0   0   0   0
 9    44  49  50  45   0   0   0   0   0
10    45  50  51  46   0   0   0   0   0
11    46  51  52  47   0   0   0   0   0
12    47  52  12  11   0   0   0   0   0
13    10   2  18  48   0   0   0   0   0
14    48  18  19  49   0   0   0   0   0
15    49  19  20  50   0   0   0   0   0
16    50  20  21  51   0   0   0   0   0
17    51  21  22  52   0   0   0   0   0
18    52  22   3  12   0   0   0   0   0
19     2  37  18   0   0   0   0   0   0
20    18  37  53   0   0   0   0   0   0
21    18  53  19   0   0   0   0   0   0
22    19  53  20   0   0   0   0   0   0
23    20  53  54   0   0   0   0   0   0
24    20  54  21   0   0   0   0   0   0
25    21  54  22   0   0   0   0   0   0
26    22  54  40   0   0   0   0   0   0
27    22  40   3   0   0   0   0   0   0
28    39   5  27   0   0   0   0   0   0
29    39  27  55   0   0   0   0   0   0
30    55  27  28   0   0   0   0   0   0
31    55  28  29   0   0   0   0   0   0
32    55  29  56   0   0   0   0   0   0
33    56  29  30   0   0   0   0   0   0
34    56  30  31   0   0   0   0   0   0
35    56  31  42   0   0   0   0   0   0
36    42  31   8   0   0   0   0   0   0
37    37  38  57  53   0   0   0   0   0
38    53  57  58  54   0   0   0   0   0
39    54  58  41  40   0   0   0   0   0
40    38  39  55  57   0   0   0   0   0
41    57  55  56  58   0   0   0   0   0
42    58  56  42  41   0   0   0   0   0
43     5  23  59  27   0   0   0   0   0
44    27  59  60  28   0   0   0   0   0
45    28  60  61  29   0   0   0   0   0
46    29  61  62  30   0   0   0   0   0
47    30  62  63  31   0   0   0   0   0
48    31  63  25   8   0   0   0   0   0
49    23  24  64  59   0   0   0   0   0
50    59  64  65  60   0   0   0   0   0
51    60  65  66  61   0   0   0   0   0
52    61  66  67  62   0   0   0   0   0
53    62  67  68  63   0   0   0   0   0
54    63  68  26  25   0   0   0   0   0
55    24   6  32  64   0   0   0   0   0
56    64  32  33  65   0   0   0   0   0
57    65  33  34  66   0   0   0   0   0
58    66  34  35  67   0   0   0   0   0
59    67  35  36  68   0   0   0   0   0
60    68  36   7  26   0   0   0   0   0

 1   1    0.00
 2   1    0.00
 3   1    0.00
 4   1    0.00
 5   1    0.00
 6   1    0.00
 7   1    0.00
 8   1    0.00
 9   1    0.00
10   1    0.00
11   1    0.00
12   1    0.00
13   1    0.00
14   1    0.00
15   1    0.00
16   1    0.00
17   1    0.00
18   1    0.00
19   1    0.00
20   1    0.00
21   1    0.00
22   1    0.00
23   1    0.00
24   1    0.00
25   1    0.00
26   1    0.00
27   1    0.00
28   1    0.00
29   1    0.00
30   1    0.00
31   1    0.00
32   1    0.00
33   1    0.00
34   1    0.00
35   1    0.00
36   1    0.00
37   1    0.00
38   1    0.00
39   1    0.00
40   1    0.00
41   1    0.00
42   1    0.00
43   1    0.00
44   1    0.00
45   1    0.00
46   1    0.00
47   1    0.00
48   1    0.00
49   1    0.00
50   1    0.00
51   1    0.00
52   1    0.00
53   1    0.00
54   1    0.00
55   1    0.00
56   1    0.00
57   1    0.00
58   1    0.00
59   1    0.00
60   1    0.00

1    1     0.00

1 0                     # mat_id, orth
0.26E+10  .300000000E+00 # E, \nu 
 1.0d0                   # Density

