1 7
1 0 0    # Timoshenko_flag  recover_flag  thermal_flag
1 0 0 0  # curve_flag  oblique_flag  trapeze_flag  Vlasov_flag
0.0 0.0 0.0

68 60 4   # nnode  nelem  nmate   (where: nnode = total number of nodes, nelem = total number of elements, nmate = total number of material types)

 1     0.00000000     0.00000000
 2     3.00000000     0.00000000
 3     3.00000000     6.00000000
 4     0.00000000     6.00000000
 5     11.00000000     0.00000000
 6     14.00000000     0.00000000
 7     14.00000000     6.00000000
 8     11.00000000     6.00000000
 9     1.00000000     0.00000000
10     2.00000000     0.00000000
11     1.00000000     6.00000000
12     2.00000000     6.00000000
13     0.00000000     1.00000000
14     0.00000000     2.00000000
15     0.00000000     3.00000000
16     0.00000000     4.00000000
17     0.00000000     5.00000000
18     3.00000000     1.00000000
19     3.00000000     2.00000000
20     3.00000000     3.00000000
21     3.00000000     4.00000000
22     3.00000000     5.00000000
23     12.00000000     0.00000000
24     13.00000000     0.00000000
25     12.00000000     6.00000000
26     13.00000000     6.00000000
27     11.00000000     1.00000000
28     11.00000000     2.00000000
29     11.00000000     3.00000000
30     11.00000000     4.00000000
31     11.00000000     5.00000000
32     14.00000000     1.00000000
33     14.00000000     2.00000000
34     14.00000000     3.00000000
35     14.00000000     4.00000000
36     14.00000000     5.00000000
37     5.00000000     0.00000000
38     7.00000000     0.00000000
39     9.00000000     0.00000000
40     5.00000000     6.00000000
41     7.00000000     6.00000000
42     9.00000000     6.00000000
43     1.00000000     1.00000000
44     1.00000000     2.00000000
45     1.00000000     3.00000000
46     1.00000000     4.00000000
47     1.00000000     5.00000000
48     2.00000000     1.00000000
49     2.00000000     2.00000000
50     2.00000000     3.00000000
51     2.00000000     4.00000000
52     2.00000000     5.00000000
53     5.00000000     2.00000000
54     5.00000000     4.00000000
55     9.00000000     2.00000000
56     9.00000000     4.00000000
57     7.00000000     2.00000000
58     7.00000000     4.00000000
59     12.00000000     1.00000000
60     12.00000000     2.00000000
61     12.00000000     3.00000000
62     12.00000000     4.00000000
63     12.00000000     5.00000000
64     13.00000000     1.00000000
65     13.00000000     2.00000000
66     13.00000000     3.00000000
67     13.00000000     4.00000000
68     13.00000000     5.00000000

 1     1   9  43  13   0   0   0   0   0
 2    13  43  44  14   0   0   0   0   0
 3    14  44  45  15   0   0   0   0   0
 4    15  45  46  16   0   0   0   0   0
 5    16  46  47  17   0   0   0   0   0
 6    17  47  11   4   0   0   0   0   0
 7     9  10  48  43   0   0   0   0   0
 8    43  48  49  44   0   0   0   0   0
 9    44  49  50  45   0   0   0   0   0
10    45  50  51  46   0   0   0   0   0
11    46  51  52  47   0   0   0   0   0
12    47  52  12  11   0   0   0   0   0
13    10   2  18  48   0   0   0   0   0
14    48  18  19  49   0   0   0   0   0
15    49  19  20  50   0   0   0   0   0
16    50  20  21  51   0   0   0   0   0
17    51  21  22  52   0   0   0   0   0
18    52  22   3  12   0   0   0   0   0
19     2  37  18   0   0   0   0   0   0
20    18  37  53   0   0   0   0   0   0
21    18  53  19   0   0   0   0   0   0
22    19  53  20   0   0   0   0   0   0
23    20  53  54   0   0   0   0   0   0
24    20  54  21   0   0   0   0   0   0
25    21  54  22   0   0   0   0   0   0
26    22  54  40   0   0   0   0   0   0
27    22  40   3   0   0   0   0   0   0
28    39   5  55   0   0   0   0   0   0
29    55   5  27   0   0   0   0   0   0
30    55  27  28   0   0   0   0   0   0
31    55  28  56   0   0   0   0   0   0
32    56  28  29   0   0   0   0   0   0
33    56  29  30   0   0   0   0   0   0
34    56  30  42   0   0   0   0   0   0
35    30  42  31   0   0   0   0   0   0
36    31  42   8   0   0   0   0   0   0
37    37  38  57  53   0   0   0   0   0
38    53  57  58  54   0   0   0   0   0
39    54  58  41  40   0   0   0   0   0
40    38  39  55  57   0   0   0   0   0
41    57  55  56  58   0   0   0   0   0
42    58  56  42  41   0   0   0   0   0
43     5  23  59  27   0   0   0   0   0
44    27  59  60  28   0   0   0   0   0
45    28  60  61  29   0   0   0   0   0
46    29  61  62  30   0   0   0   0   0
47    30  62  63  31   0   0   0   0   0
48    31  63  25   8   0   0   0   0   0
49    23  24  64  59   0   0   0   0   0
50    59  64  65  60   0   0   0   0   0
51    60  65  66  61   0   0   0   0   0
52    61  66  67  62   0   0   0   0   0
53    62  67  68  63   0   0   0   0   0
54    63  68  26  25   0   0   0   0   0
55    24   6  32  64   0   0   0   0   0
56    64  32  33  65   0   0   0   0   0
57    65  33  34  66   0   0   0   0   0
58    66  34  35  67   0   0   0   0   0
59    67  35  36  68   0   0   0   0   0
60    68  36   7  26   0   0   0   0   0

 1   1    0.00
 2   1    0.00
 3   1    0.00
 4   1    0.00
 5   1    0.00
 6   1    0.00
 7   1    0.00
 8   1    0.00
 9   1    0.00
10   1    0.00
11   1    0.00
12   1    0.00
13   1    0.00
14   1    0.00
15   1    0.00
16   1    0.00
17   1    0.00
18   1    0.00
19   1    0.00
20   1    0.00
21   1    0.00
22   1    0.00
23   1    0.00
24   1    0.00
25   1    0.00
26   1    0.00
27   1    0.00
28   1    0.00
29   1    0.00
30   1    0.00
31   1    0.00
32   1    0.00
33   1    0.00
34   1    0.00
35   1    0.00
36   1    0.00
37   1    0.00
38   1    0.00
39   1    0.00
40   1    0.00
41   1    0.00
42   1    0.00
43   1    0.00
44   1    0.00
45   1    0.00
46   1    0.00
47   1    0.00
48   1    0.00
49   1    0.00
50   1    0.00
51   1    0.00
52   1    0.00
53   1    0.00
54   1    0.00
55   1    0.00
56   1    0.00
57   1    0.00
58   1    0.00
59   1    0.00
60   1    0.00

1    1     0.00
2    2    45.00
3    2   -45.00
4    3    45.00
5    3   -45.00
6    3     0.00
7    4     0.00

1   1   # E-LT-5500/EP-3
4.18000e+10   1.40000e+10   1.40000e+10
2.63000e+09   2.63000e+09   2.63000e+09
2.80000e-01   2.80000e-01   2.80000e-01
1.92000e+03

2   1   # Saertex/EP-3
1.36000e+10   1.33000e+10   1.33000e+10
1.18000e+10   1.18000e+10   1.18000e+10
5.10000e-01   5.10000e-01   5.10000e-01
1.78000e+03

3   1   # SNL Triax
2.77000e+10   1.36500e+10   1.36500e+10
7.20000e+09   7.20000e+09   7.20000e+09
3.90000e-01   3.90000e-01   3.90000e-01
1.85000e+03

4   0   # Foam
2.56000e+08   3.00000e-01
2.00000e+02

