1 7
1 0 0    # Timoshenko_flag  recover_flag  thermal_flag
1 0 0 0  # curve_flag  oblique_flag  trapeze_flag  Vlasov_flag
0.0 0.0 0.0

722 628 4   # nnode  nelem  nmate   (where: nnode = total number of nodes, nelem = total number of elements, nmate = total number of material types)

  1     0.75000000     2.67500000
  2    -0.75000000     2.65400000
  3     0.75000000     2.64350000
  4     0.75000000    -2.66450000
  5    -0.83562500     2.69600000
  6    -0.83525000     2.69600000
  7    -0.83487500     2.69600000
  8    -0.83487500    -2.69600000
  9    -0.83450000     2.69600000
 10    -0.83450000    -2.69600000
 11    -0.83412500     2.69600000
 12    -0.83412500    -2.69600000
 13    -0.83375000     2.69600000
 14    -0.83375000    -2.69600000
 15    -0.83337500    -2.69600000
 16    -0.75262500     2.69600000
 17    -0.75262500    -2.69600000
 18    -0.75225000     2.69600000
 19    -0.75225000    -2.69600000
 20    -0.75187500     2.69600000
 21    -0.75150000     2.69600000
 22    -0.75112500     2.69600000
 23    -0.75112500    -2.69600000
 24    -0.75075000     2.69600000
 25    -0.75075000    -2.69600000
 26    -0.75037500    -2.69600000
 27     0.75037500     2.69600000
 28     0.75075000     2.69600000
 29     0.75075000    -2.69600000
 30     0.75112500     2.69600000
 31     0.75112500    -2.69600000
 32     0.75150000     2.69600000
 33     0.75150000    -2.69600000
 34     0.75187500     2.69600000
 35     0.75187500    -2.69600000
 36     0.75225000    -2.69600000
 37     0.75262500    -2.69600000
 38     0.83337500     2.69600000
 39     0.83337500    -2.69600000
 40     0.83375000     2.69600000
 41     0.83375000    -2.69600000
 42     0.83412500     2.69600000
 43     0.83412500    -2.69600000
 44     0.83450000     2.69600000
 45     0.83487500     2.69600000
 46     0.83525000    -2.69600000
 47     0.83562500    -2.69600000
 48    -0.75300000     2.69600000
 49    -0.83600000     2.69600000
 50    -0.75300000    -2.69600000
 51    -0.83300000    -2.69600000
 52    -0.83600000    -2.69600000
 53     0.83600000    -2.69600000
 54     0.83300000    -2.69600000
 55     0.75300000    -2.69600000
 56     0.75300000     2.69600000
 57     0.83300000     2.69600000
 58     0.83600000     2.69600000
 59    -0.75037500     2.69600000
 60    -0.83337500     2.69600000
 61    -0.83300000     2.69600000
 62    -0.75150000    -2.69600000
 63    -0.75187500    -2.69600000
 64    -0.83525000    -2.69600000
 65    -0.83562500    -2.69600000
 66     0.83487500    -2.69600000
 67     0.83450000    -2.69600000
 68     0.75037500    -2.69600000
 69     0.75225000     2.69600000
 70     0.75262500     2.69600000
 71     0.83525000     2.69600000
 72     0.83562500     2.69600000
 73    -0.75000000    -2.62650000
 74    -0.75000000    -2.62000000
 75     0.75000000    -2.62000000
 76     0.75000000    -2.62650000
 77    -0.75000000     2.62650000
 78    -0.75000000     2.62000000
 79     0.75000000     2.62000000
 80     0.75000000     2.62650000
 81    -0.75000000     2.69600000
 82    -0.75000000     2.63300000
 83    -0.75000000    -2.63300000
 84    -0.75000000    -2.69600000
 85    -0.75000000     2.68550000
 86    -0.75000000     2.67500000
 87    -0.75000000     2.66450000
 88     0.75000000     2.68550000
 89     0.75000000     2.69600000
 90     0.75000000     2.63300000
 91    -0.75000000    -2.64350000
 92    -0.75000000    -2.65400000
 93    -0.75000000    -2.66450000
 94    -0.75000000    -2.67500000
 95    -0.75000000    -2.68550000
 96     0.75000000    -2.69600000
 97     0.75000000    -2.68550000
 98     0.75000000    -2.67500000
 99    -0.75000000     2.64350000
100     0.75000000     2.66450000
101     0.75000000     2.65400000
102     0.75000000    -2.63300000
103     0.75000000    -2.64350000
104     0.75000000    -2.65400000
105     0.75000000     2.31085714
106     0.75000000     1.92571429
107     0.75000000     1.54057143
108     0.75000000     1.15542857
109     0.75000000     0.77028571
110     0.75000000     0.38514286
111     0.75000000     0.00000000
112     0.75000000    -0.38514286
113     0.75000000    -0.77028571
114     0.75000000    -1.15542857
115     0.75000000    -1.54057143
116     0.75000000    -1.92571429
117     0.75000000    -2.31085714
118     0.50000000    -2.69600000
119     0.25000000    -2.69600000
120     0.00000000    -2.69600000
121    -0.25000000    -2.69600000
122    -0.50000000    -2.69600000
123    -0.75000000    -2.31085714
124    -0.75000000    -1.92571429
125    -0.75000000    -1.54057143
126    -0.75000000    -1.15542857
127    -0.75000000    -0.77028571
128    -0.75000000    -0.38514286
129    -0.75000000     0.00000000
130    -0.75000000     0.38514286
131    -0.75000000     0.77028571
132    -0.75000000     1.15542857
133    -0.75000000     1.54057143
134    -0.75000000     1.92571429
135    -0.75000000     2.31085714
136    -0.50000000     2.69600000
137    -0.25000000     2.69600000
138     0.00000000     2.69600000
139     0.25000000     2.69600000
140     0.50000000     2.69600000
141     0.83600000     2.31085714
142     0.83600000     1.92571429
143     0.83600000     1.54057143
144     0.83600000     1.15542857
145     0.83600000     0.77028571
146     0.83600000     0.38514286
147     0.83600000     0.00000000
148     0.83600000    -0.38514286
149     0.83600000    -0.77028571
150     0.83600000    -1.15542857
151     0.83600000    -1.54057143
152     0.83600000    -1.92571429
153     0.83600000    -2.31085714
154    -0.83600000    -2.31085714
155    -0.83600000    -1.92571429
156    -0.83600000    -1.54057143
157    -0.83600000    -1.15542857
158    -0.83600000    -0.77028571
159    -0.83600000    -0.38514286
160    -0.83600000     0.00000000
161    -0.83600000     0.38514286
162    -0.83600000     0.77028571
163    -0.83600000     1.15542857
164    -0.83600000     1.54057143
165    -0.83600000     1.92571429
166    -0.83600000     2.31085714
167    -0.50000000     2.63300000
168    -0.25000000     2.63300000
169     0.00000000     2.63300000
170     0.25000000     2.63300000
171     0.50000000     2.63300000
172     0.50000000    -2.63300000
173     0.25000000    -2.63300000
174     0.00000000    -2.63300000
175    -0.25000000    -2.63300000
176    -0.50000000    -2.63300000
177     0.75300000     2.31085714
178     0.75300000     1.92571429
179     0.75300000     1.54057143
180     0.75300000     1.15542857
181     0.75300000     0.77028571
182     0.75300000     0.38514286
183     0.75300000     0.00000000
184     0.75300000    -0.38514286
185     0.75300000    -0.77028571
186     0.75300000    -1.15542857
187     0.75300000    -1.54057143
188     0.75300000    -1.92571429
189     0.75300000    -2.31085714
190     0.83300000     2.31085714
191     0.83300000     1.92571429
192     0.83300000     1.54057143
193     0.83300000     1.15542857
194     0.83300000     0.77028571
195     0.83300000     0.38514286
196     0.83300000     0.00000000
197     0.83300000    -0.38514286
198     0.83300000    -0.77028571
199     0.83300000    -1.15542857
200     0.83300000    -1.54057143
201     0.83300000    -1.92571429
202     0.83300000    -2.31085714
203    -0.83300000     2.31085714
204    -0.83300000     1.92571429
205    -0.83300000     1.54057143
206    -0.83300000     1.15542857
207    -0.83300000     0.77028571
208    -0.83300000     0.38514286
209    -0.83300000     0.00000000
210    -0.83300000    -0.38514286
211    -0.83300000    -0.77028571
212    -0.83300000    -1.15542857
213    -0.83300000    -1.54057143
214    -0.83300000    -1.92571429
215    -0.83300000    -2.31085714
216    -0.75300000     2.31085714
217    -0.75300000     1.92571429
218    -0.75300000     1.54057143
219    -0.75300000     1.15542857
220    -0.75300000     0.77028571
221    -0.75300000     0.38514286
222    -0.75300000     0.00000000
223    -0.75300000    -0.38514286
224    -0.75300000    -0.77028571
225    -0.75300000    -1.15542857
226    -0.75300000    -1.54057143
227    -0.75300000    -1.92571429
228    -0.75300000    -2.31085714
229    -0.80633333     2.69600000
230    -0.77966667     2.69600000
231    -0.77966667    -2.69600000
232    -0.80633333    -2.69600000
233    -0.50000000     2.62000000
234    -0.25000000     2.62000000
235     0.00000000     2.62000000
236     0.25000000     2.62000000
237     0.50000000     2.62000000
238    -0.50000000    -2.62000000
239    -0.25000000    -2.62000000
240     0.00000000    -2.62000000
241     0.25000000    -2.62000000
242     0.50000000    -2.62000000
243    -0.50000000     2.68550000
244    -0.25000000     2.68550000
245     0.00000000     2.68550000
246     0.25000000     2.68550000
247     0.50000000     2.68550000
248    -0.50000000     2.67500000
249    -0.25000000     2.67500000
250     0.00000000     2.67500000
251     0.25000000     2.67500000
252     0.50000000     2.67500000
253    -0.50000000     2.66450000
254    -0.25000000     2.66450000
255     0.00000000     2.66450000
256     0.25000000     2.66450000
257     0.50000000     2.66450000
258    -0.50000000     2.65400000
259    -0.25000000     2.65400000
260     0.00000000     2.65400000
261     0.25000000     2.65400000
262     0.50000000     2.65400000
263    -0.50000000     2.64350000
264    -0.25000000     2.64350000
265     0.00000000     2.64350000
266     0.25000000     2.64350000
267     0.50000000     2.64350000
268     0.77966667     2.69600000
269     0.80633333     2.69600000
270     0.77966667    -2.69600000
271     0.80633333    -2.69600000
272    -0.50000000     2.62650000
273    -0.25000000     2.62650000
274     0.00000000     2.62650000
275     0.25000000     2.62650000
276     0.50000000     2.62650000
277    -0.50000000    -2.64350000
278    -0.25000000    -2.64350000
279     0.00000000    -2.64350000
280     0.25000000    -2.64350000
281     0.50000000    -2.64350000
282    -0.50000000    -2.65400000
283    -0.25000000    -2.65400000
284     0.00000000    -2.65400000
285     0.25000000    -2.65400000
286     0.50000000    -2.65400000
287    -0.50000000    -2.66450000
288    -0.25000000    -2.66450000
289     0.00000000    -2.66450000
290     0.25000000    -2.66450000
291     0.50000000    -2.66450000
292    -0.50000000    -2.67500000
293    -0.25000000    -2.67500000
294     0.00000000    -2.67500000
295     0.25000000    -2.67500000
296     0.50000000    -2.67500000
297    -0.50000000    -2.68550000
298    -0.25000000    -2.68550000
299     0.00000000    -2.68550000
300     0.25000000    -2.68550000
301     0.50000000    -2.68550000
302    -0.50000000    -2.62650000
303    -0.25000000    -2.62650000
304     0.00000000    -2.62650000
305     0.25000000    -2.62650000
306     0.50000000    -2.62650000
307    -0.83562500     2.31085714
308    -0.83562500     1.92571429
309    -0.83562500     1.54057143
310    -0.83562500     1.15542857
311    -0.83562500     0.77028571
312    -0.83562500     0.38514286
313    -0.83562500     0.00000000
314    -0.83562500    -0.38514286
315    -0.83562500    -0.77028571
316    -0.83562500    -1.15542857
317    -0.83562500    -1.54057143
318    -0.83562500    -1.92571429
319    -0.83562500    -2.31085714
320    -0.83525000     2.31085714
321    -0.83525000     1.92571429
322    -0.83525000     1.54057143
323    -0.83525000     1.15542857
324    -0.83525000     0.77028571
325    -0.83525000     0.38514286
326    -0.83525000     0.00000000
327    -0.83525000    -0.38514286
328    -0.83525000    -0.77028571
329    -0.83525000    -1.15542857
330    -0.83525000    -1.54057143
331    -0.83525000    -1.92571429
332    -0.83525000    -2.31085714
333    -0.83487500     2.31085714
334    -0.83487500     1.92571429
335    -0.83487500     1.54057143
336    -0.83487500     1.15542857
337    -0.83487500     0.77028571
338    -0.83487500     0.38514286
339    -0.83487500     0.00000000
340    -0.83487500    -0.38514286
341    -0.83487500    -0.77028571
342    -0.83487500    -1.15542857
343    -0.83487500    -1.54057143
344    -0.83487500    -1.92571429
345    -0.83487500    -2.31085714
346    -0.83450000     2.31085714
347    -0.83450000     1.92571429
348    -0.83450000     1.54057143
349    -0.83450000     1.15542857
350    -0.83450000     0.77028571
351    -0.83450000     0.38514286
352    -0.83450000     0.00000000
353    -0.83450000    -0.38514286
354    -0.83450000    -0.77028571
355    -0.83450000    -1.15542857
356    -0.83450000    -1.54057143
357    -0.83450000    -1.92571429
358    -0.83450000    -2.31085714
359    -0.83412500     2.31085714
360    -0.83412500     1.92571429
361    -0.83412500     1.54057143
362    -0.83412500     1.15542857
363    -0.83412500     0.77028571
364    -0.83412500     0.38514286
365    -0.83412500     0.00000000
366    -0.83412500    -0.38514286
367    -0.83412500    -0.77028571
368    -0.83412500    -1.15542857
369    -0.83412500    -1.54057143
370    -0.83412500    -1.92571429
371    -0.83412500    -2.31085714
372    -0.83375000     2.31085714
373    -0.83375000     1.92571429
374    -0.83375000     1.54057143
375    -0.83375000     1.15542857
376    -0.83375000     0.77028571
377    -0.83375000     0.38514286
378    -0.83375000     0.00000000
379    -0.83375000    -0.38514286
380    -0.83375000    -0.77028571
381    -0.83375000    -1.15542857
382    -0.83375000    -1.54057143
383    -0.83375000    -1.92571429
384    -0.83375000    -2.31085714
385    -0.83337500     2.31085714
386    -0.83337500     1.92571429
387    -0.83337500     1.54057143
388    -0.83337500     1.15542857
389    -0.83337500     0.77028571
390    -0.83337500     0.38514286
391    -0.83337500     0.00000000
392    -0.83337500    -0.38514286
393    -0.83337500    -0.77028571
394    -0.83337500    -1.15542857
395    -0.83337500    -1.54057143
396    -0.83337500    -1.92571429
397    -0.83337500    -2.31085714
398    -0.75262500     2.31085714
399    -0.75262500     1.92571429
400    -0.75262500     1.54057143
401    -0.75262500     1.15542857
402    -0.75262500     0.77028571
403    -0.75262500     0.38514286
404    -0.75262500     0.00000000
405    -0.75262500    -0.38514286
406    -0.75262500    -0.77028571
407    -0.75262500    -1.15542857
408    -0.75262500    -1.54057143
409    -0.75262500    -1.92571429
410    -0.75262500    -2.31085714
411    -0.75225000     2.31085714
412    -0.75225000     1.92571429
413    -0.75225000     1.54057143
414    -0.75225000     1.15542857
415    -0.75225000     0.77028571
416    -0.75225000     0.38514286
417    -0.75225000     0.00000000
418    -0.75225000    -0.38514286
419    -0.75225000    -0.77028571
420    -0.75225000    -1.15542857
421    -0.75225000    -1.54057143
422    -0.75225000    -1.92571429
423    -0.75225000    -2.31085714
424    -0.75187500     2.31085714
425    -0.75187500     1.92571429
426    -0.75187500     1.54057143
427    -0.75187500     1.15542857
428    -0.75187500     0.77028571
429    -0.75187500     0.38514286
430    -0.75187500     0.00000000
431    -0.75187500    -0.38514286
432    -0.75187500    -0.77028571
433    -0.75187500    -1.15542857
434    -0.75187500    -1.54057143
435    -0.75187500    -1.92571429
436    -0.75187500    -2.31085714
437    -0.75150000     2.31085714
438    -0.75150000     1.92571429
439    -0.75150000     1.54057143
440    -0.75150000     1.15542857
441    -0.75150000     0.77028571
442    -0.75150000     0.38514286
443    -0.75150000     0.00000000
444    -0.75150000    -0.38514286
445    -0.75150000    -0.77028571
446    -0.75150000    -1.15542857
447    -0.75150000    -1.54057143
448    -0.75150000    -1.92571429
449    -0.75150000    -2.31085714
450    -0.75112500     2.31085714
451    -0.75112500     1.92571429
452    -0.75112500     1.54057143
453    -0.75112500     1.15542857
454    -0.75112500     0.77028571
455    -0.75112500     0.38514286
456    -0.75112500     0.00000000
457    -0.75112500    -0.38514286
458    -0.75112500    -0.77028571
459    -0.75112500    -1.15542857
460    -0.75112500    -1.54057143
461    -0.75112500    -1.92571429
462    -0.75112500    -2.31085714
463    -0.75075000     2.31085714
464    -0.75075000     1.92571429
465    -0.75075000     1.54057143
466    -0.75075000     1.15542857
467    -0.75075000     0.77028571
468    -0.75075000     0.38514286
469    -0.75075000     0.00000000
470    -0.75075000    -0.38514286
471    -0.75075000    -0.77028571
472    -0.75075000    -1.15542857
473    -0.75075000    -1.54057143
474    -0.75075000    -1.92571429
475    -0.75075000    -2.31085714
476    -0.75037500     2.31085714
477    -0.75037500     1.92571429
478    -0.75037500     1.54057143
479    -0.75037500     1.15542857
480    -0.75037500     0.77028571
481    -0.75037500     0.38514286
482    -0.75037500     0.00000000
483    -0.75037500    -0.38514286
484    -0.75037500    -0.77028571
485    -0.75037500    -1.15542857
486    -0.75037500    -1.54057143
487    -0.75037500    -1.92571429
488    -0.75037500    -2.31085714
489     0.75037500     2.31085714
490     0.75037500     1.92571429
491     0.75037500     1.54057143
492     0.75037500     1.15542857
493     0.75037500     0.77028571
494     0.75037500     0.38514286
495     0.75037500     0.00000000
496     0.75037500    -0.38514286
497     0.75037500    -0.77028571
498     0.75037500    -1.15542857
499     0.75037500    -1.54057143
500     0.75037500    -1.92571429
501     0.75037500    -2.31085714
502     0.75075000     2.31085714
503     0.75075000     1.92571429
504     0.75075000     1.54057143
505     0.75075000     1.15542857
506     0.75075000     0.77028571
507     0.75075000     0.38514286
508     0.75075000     0.00000000
509     0.75075000    -0.38514286
510     0.75075000    -0.77028571
511     0.75075000    -1.15542857
512     0.75075000    -1.54057143
513     0.75075000    -1.92571429
514     0.75075000    -2.31085714
515     0.75112500     2.31085714
516     0.75112500     1.92571429
517     0.75112500     1.54057143
518     0.75112500     1.15542857
519     0.75112500     0.77028571
520     0.75112500     0.38514286
521     0.75112500     0.00000000
522     0.75112500    -0.38514286
523     0.75112500    -0.77028571
524     0.75112500    -1.15542857
525     0.75112500    -1.54057143
526     0.75112500    -1.92571429
527     0.75112500    -2.31085714
528     0.75150000     2.31085714
529     0.75150000     1.92571429
530     0.75150000     1.54057143
531     0.75150000     1.15542857
532     0.75150000     0.77028571
533     0.75150000     0.38514286
534     0.75150000     0.00000000
535     0.75150000    -0.38514286
536     0.75150000    -0.77028571
537     0.75150000    -1.15542857
538     0.75150000    -1.54057143
539     0.75150000    -1.92571429
540     0.75150000    -2.31085714
541     0.75187500     2.31085714
542     0.75187500     1.92571429
543     0.75187500     1.54057143
544     0.75187500     1.15542857
545     0.75187500     0.77028571
546     0.75187500     0.38514286
547     0.75187500     0.00000000
548     0.75187500    -0.38514286
549     0.75187500    -0.77028571
550     0.75187500    -1.15542857
551     0.75187500    -1.54057143
552     0.75187500    -1.92571429
553     0.75187500    -2.31085714
554     0.75225000     2.31085714
555     0.75225000     1.92571429
556     0.75225000     1.54057143
557     0.75225000     1.15542857
558     0.75225000     0.77028571
559     0.75225000     0.38514286
560     0.75225000     0.00000000
561     0.75225000    -0.38514286
562     0.75225000    -0.77028571
563     0.75225000    -1.15542857
564     0.75225000    -1.54057143
565     0.75225000    -1.92571429
566     0.75225000    -2.31085714
567     0.75262500     2.31085714
568     0.75262500     1.92571429
569     0.75262500     1.54057143
570     0.75262500     1.15542857
571     0.75262500     0.77028571
572     0.75262500     0.38514286
573     0.75262500     0.00000000
574     0.75262500    -0.38514286
575     0.75262500    -0.77028571
576     0.75262500    -1.15542857
577     0.75262500    -1.54057143
578     0.75262500    -1.92571429
579     0.75262500    -2.31085714
580     0.83337500     2.31085714
581     0.83337500     1.92571429
582     0.83337500     1.54057143
583     0.83337500     1.15542857
584     0.83337500     0.77028571
585     0.83337500     0.38514286
586     0.83337500    -0.00000000
587     0.83337500    -0.38514286
588     0.83337500    -0.77028571
589     0.83337500    -1.15542857
590     0.83337500    -1.54057143
591     0.83337500    -1.92571429
592     0.83337500    -2.31085714
593     0.83375000     2.31085714
594     0.83375000     1.92571429
595     0.83375000     1.54057143
596     0.83375000     1.15542857
597     0.83375000     0.77028571
598     0.83375000     0.38514286
599     0.83375000    -0.00000000
600     0.83375000    -0.38514286
601     0.83375000    -0.77028571
602     0.83375000    -1.15542857
603     0.83375000    -1.54057143
604     0.83375000    -1.92571429
605     0.83375000    -2.31085714
606     0.83412500     2.31085714
607     0.83412500     1.92571429
608     0.83412500     1.54057143
609     0.83412500     1.15542857
610     0.83412500     0.77028571
611     0.83412500     0.38514286
612     0.83412500    -0.00000000
613     0.83412500    -0.38514286
614     0.83412500    -0.77028571
615     0.83412500    -1.15542857
616     0.83412500    -1.54057143
617     0.83412500    -1.92571429
618     0.83412500    -2.31085714
619     0.83450000     2.31085714
620     0.83450000     1.92571429
621     0.83450000     1.54057143
622     0.83450000     1.15542857
623     0.83450000     0.77028571
624     0.83450000     0.38514286
625     0.83450000    -0.00000000
626     0.83450000    -0.38514286
627     0.83450000    -0.77028571
628     0.83450000    -1.15542857
629     0.83450000    -1.54057143
630     0.83450000    -1.92571429
631     0.83450000    -2.31085714
632     0.83487500     2.31085714
633     0.83487500     1.92571429
634     0.83487500     1.54057143
635     0.83487500     1.15542857
636     0.83487500     0.77028571
637     0.83487500     0.38514286
638     0.83487500    -0.00000000
639     0.83487500    -0.38514286
640     0.83487500    -0.77028571
641     0.83487500    -1.15542857
642     0.83487500    -1.54057143
643     0.83487500    -1.92571429
644     0.83487500    -2.31085714
645     0.83525000     2.31085714
646     0.83525000     1.92571429
647     0.83525000     1.54057143
648     0.83525000     1.15542857
649     0.83525000     0.77028571
650     0.83525000     0.38514286
651     0.83525000    -0.00000000
652     0.83525000    -0.38514286
653     0.83525000    -0.77028571
654     0.83525000    -1.15542857
655     0.83525000    -1.54057143
656     0.83525000    -1.92571429
657     0.83525000    -2.31085714
658     0.83562500     2.31085714
659     0.83562500     1.92571429
660     0.83562500     1.54057143
661     0.83562500     1.15542857
662     0.83562500     0.77028571
663     0.83562500     0.38514286
664     0.83562500    -0.00000000
665     0.83562500    -0.38514286
666     0.83562500    -0.77028571
667     0.83562500    -1.15542857
668     0.83562500    -1.54057143
669     0.83562500    -1.92571429
670     0.83562500    -2.31085714
671    -0.80633333     2.31085714
672    -0.77966667     2.31085714
673    -0.80633333     1.92571429
674    -0.77966667     1.92571429
675    -0.80633333     1.54057143
676    -0.77966667     1.54057143
677    -0.80633333     1.15542857
678    -0.77966667     1.15542857
679    -0.80633333     0.77028571
680    -0.77966667     0.77028571
681    -0.80633333     0.38514286
682    -0.77966667     0.38514286
683    -0.80633333     0.00000000
684    -0.77966667     0.00000000
685    -0.80633333    -0.38514286
686    -0.77966667    -0.38514286
687    -0.80633333    -0.77028571
688    -0.77966667    -0.77028571
689    -0.80633333    -1.15542857
690    -0.77966667    -1.15542857
691    -0.80633333    -1.54057143
692    -0.77966667    -1.54057143
693    -0.80633333    -1.92571429
694    -0.77966667    -1.92571429
695    -0.80633333    -2.31085714
696    -0.77966667    -2.31085714
697     0.77966667     2.31085714
698     0.80633333     2.31085714
699     0.77966667     1.92571429
700     0.80633333     1.92571429
701     0.77966667     1.54057143
702     0.80633333     1.54057143
703     0.77966667     1.15542857
704     0.80633333     1.15542857
705     0.77966667     0.77028571
706     0.80633333     0.77028571
707     0.77966667     0.38514286
708     0.80633333     0.38514286
709     0.77966667     0.00000000
710     0.80633333     0.00000000
711     0.77966667    -0.38514286
712     0.80633333    -0.38514286
713     0.77966667    -0.77028571
714     0.80633333    -0.77028571
715     0.77966667    -1.15542857
716     0.80633333    -1.15542857
717     0.77966667    -1.54057143
718     0.80633333    -1.54057143
719     0.77966667    -1.92571429
720     0.80633333    -1.92571429
721     0.77966667    -2.31085714
722     0.80633333    -2.31085714

  1    203  671  229   61    0    0    0    0    0
  2    671  672  230  229    0    0    0    0    0
  3    672  216   48  230    0    0    0    0    0
  4    204  673  671  203    0    0    0    0    0
  5    673  674  672  671    0    0    0    0    0
  6    674  217  216  672    0    0    0    0    0
  7    205  675  673  204    0    0    0    0    0
  8    675  676  674  673    0    0    0    0    0
  9    676  218  217  674    0    0    0    0    0
 10    206  677  675  205    0    0    0    0    0
 11    677  678  676  675    0    0    0    0    0
 12    678  219  218  676    0    0    0    0    0
 13    207  679  677  206    0    0    0    0    0
 14    679  680  678  677    0    0    0    0    0
 15    680  220  219  678    0    0    0    0    0
 16    208  681  679  207    0    0    0    0    0
 17    681  682  680  679    0    0    0    0    0
 18    682  221  220  680    0    0    0    0    0
 19    209  683  681  208    0    0    0    0    0
 20    683  684  682  681    0    0    0    0    0
 21    684  222  221  682    0    0    0    0    0
 22    210  685  683  209    0    0    0    0    0
 23    685  686  684  683    0    0    0    0    0
 24    686  223  222  684    0    0    0    0    0
 25    211  687  685  210    0    0    0    0    0
 26    687  688  686  685    0    0    0    0    0
 27    688  224  223  686    0    0    0    0    0
 28    212  689  687  211    0    0    0    0    0
 29    689  690  688  687    0    0    0    0    0
 30    690  225  224  688    0    0    0    0    0
 31    213  691  689  212    0    0    0    0    0
 32    691  692  690  689    0    0    0    0    0
 33    692  226  225  690    0    0    0    0    0
 34    214  693  691  213    0    0    0    0    0
 35    693  694  692  691    0    0    0    0    0
 36    694  227  226  692    0    0    0    0    0
 37    215  695  693  214    0    0    0    0    0
 38    695  696  694  693    0    0    0    0    0
 39    696  228  227  694    0    0    0    0    0
 40     51  232  695  215    0    0    0    0    0
 41    232  231  696  695    0    0    0    0    0
 42    231   50  228  696    0    0    0    0    0
 43    216  398   16   48    0    0    0    0    0
 44    217  399  398  216    0    0    0    0    0
 45    218  400  399  217    0    0    0    0    0
 46    219  401  400  218    0    0    0    0    0
 47    220  402  401  219    0    0    0    0    0
 48    221  403  402  220    0    0    0    0    0
 49    222  404  403  221    0    0    0    0    0
 50    223  405  404  222    0    0    0    0    0
 51    224  406  405  223    0    0    0    0    0
 52    225  407  406  224    0    0    0    0    0
 53    226  408  407  225    0    0    0    0    0
 54    227  409  408  226    0    0    0    0    0
 55    228  410  409  227    0    0    0    0    0
 56     50   17  410  228    0    0    0    0    0
 57    398  411   18   16    0    0    0    0    0
 58    399  412  411  398    0    0    0    0    0
 59    400  413  412  399    0    0    0    0    0
 60    401  414  413  400    0    0    0    0    0
 61    402  415  414  401    0    0    0    0    0
 62    403  416  415  402    0    0    0    0    0
 63    404  417  416  403    0    0    0    0    0
 64    405  418  417  404    0    0    0    0    0
 65    406  419  418  405    0    0    0    0    0
 66    407  420  419  406    0    0    0    0    0
 67    408  421  420  407    0    0    0    0    0
 68    409  422  421  408    0    0    0    0    0
 69    410  423  422  409    0    0    0    0    0
 70     17   19  423  410    0    0    0    0    0
 71    411  424   20   18    0    0    0    0    0
 72    412  425  424  411    0    0    0    0    0
 73    413  426  425  412    0    0    0    0    0
 74    414  427  426  413    0    0    0    0    0
 75    415  428  427  414    0    0    0    0    0
 76    416  429  428  415    0    0    0    0    0
 77    417  430  429  416    0    0    0    0    0
 78    418  431  430  417    0    0    0    0    0
 79    419  432  431  418    0    0    0    0    0
 80    420  433  432  419    0    0    0    0    0
 81    421  434  433  420    0    0    0    0    0
 82    422  435  434  421    0    0    0    0    0
 83    423  436  435  422    0    0    0    0    0
 84     19   63  436  423    0    0    0    0    0
 85    424  437   21   20    0    0    0    0    0
 86    425  438  437  424    0    0    0    0    0
 87    426  439  438  425    0    0    0    0    0
 88    427  440  439  426    0    0    0    0    0
 89    428  441  440  427    0    0    0    0    0
 90    429  442  441  428    0    0    0    0    0
 91    430  443  442  429    0    0    0    0    0
 92    431  444  443  430    0    0    0    0    0
 93    432  445  444  431    0    0    0    0    0
 94    433  446  445  432    0    0    0    0    0
 95    434  447  446  433    0    0    0    0    0
 96    435  448  447  434    0    0    0    0    0
 97    436  449  448  435    0    0    0    0    0
 98     63   62  449  436    0    0    0    0    0
 99    437  450   22   21    0    0    0    0    0
100    438  451  450  437    0    0    0    0    0
101    439  452  451  438    0    0    0    0    0
102    440  453  452  439    0    0    0    0    0
103    441  454  453  440    0    0    0    0    0
104    442  455  454  441    0    0    0    0    0
105    443  456  455  442    0    0    0    0    0
106    444  457  456  443    0    0    0    0    0
107    445  458  457  444    0    0    0    0    0
108    446  459  458  445    0    0    0    0    0
109    447  460  459  446    0    0    0    0    0
110    448  461  460  447    0    0    0    0    0
111    449  462  461  448    0    0    0    0    0
112     62   23  462  449    0    0    0    0    0
113    450  463   24   22    0    0    0    0    0
114    451  464  463  450    0    0    0    0    0
115    452  465  464  451    0    0    0    0    0
116    453  466  465  452    0    0    0    0    0
117    454  467  466  453    0    0    0    0    0
118    455  468  467  454    0    0    0    0    0
119    456  469  468  455    0    0    0    0    0
120    457  470  469  456    0    0    0    0    0
121    458  471  470  457    0    0    0    0    0
122    459  472  471  458    0    0    0    0    0
123    460  473  472  459    0    0    0    0    0
124    461  474  473  460    0    0    0    0    0
125    462  475  474  461    0    0    0    0    0
126     23   25  475  462    0    0    0    0    0
127    463  476   59   24    0    0    0    0    0
128    464  477  476  463    0    0    0    0    0
129    465  478  477  464    0    0    0    0    0
130    466  479  478  465    0    0    0    0    0
131    467  480  479  466    0    0    0    0    0
132    468  481  480  467    0    0    0    0    0
133    469  482  481  468    0    0    0    0    0
134    470  483  482  469    0    0    0    0    0
135    471  484  483  470    0    0    0    0    0
136    472  485  484  471    0    0    0    0    0
137    473  486  485  472    0    0    0    0    0
138    474  487  486  473    0    0    0    0    0
139    475  488  487  474    0    0    0    0    0
140     25   26  488  475    0    0    0    0    0
141    476  135   81   59    0    0    0    0    0
142    477  134  135  476    0    0    0    0    0
143    478  133  134  477    0    0    0    0    0
144    479  132  133  478    0    0    0    0    0
145    480  131  132  479    0    0    0    0    0
146    481  130  131  480    0    0    0    0    0
147    482  129  130  481    0    0    0    0    0
148    483  128  129  482    0    0    0    0    0
149    484  127  128  483    0    0    0    0    0
150    485  126  127  484    0    0    0    0    0
151    486  125  126  485    0    0    0    0    0
152    487  124  125  486    0    0    0    0    0
153    488  123  124  487    0    0    0    0    0
154     26   84  123  488    0    0    0    0    0
155    247   88   89  140    0    0    0    0    0
156    246  247  140  139    0    0    0    0    0
157    245  246  139  138    0    0    0    0    0
158    244  245  138  137    0    0    0    0    0
159    243  244  137  136    0    0    0    0    0
160     85  243  136   81    0    0    0    0    0
161    237   79   80  276    0    0    0    0    0
162    236  237  276  275    0    0    0    0    0
163    235  236  275  274    0    0    0    0    0
164    234  235  274  273    0    0    0    0    0
165    233  234  273  272    0    0    0    0    0
166     78  233  272   77    0    0    0    0    0
167    276   80   90  171    0    0    0    0    0
168    275  276  171  170    0    0    0    0    0
169    274  275  170  169    0    0    0    0    0
170    273  274  169  168    0    0    0    0    0
171    272  273  168  167    0    0    0    0    0
172     77  272  167   82    0    0    0    0    0
173    105  489   27   89    0    0    0    0    0
174    106  490  489  105    0    0    0    0    0
175    107  491  490  106    0    0    0    0    0
176    108  492  491  107    0    0    0    0    0
177    109  493  492  108    0    0    0    0    0
178    110  494  493  109    0    0    0    0    0
179    111  495  494  110    0    0    0    0    0
180    112  496  495  111    0    0    0    0    0
181    113  497  496  112    0    0    0    0    0
182    114  498  497  113    0    0    0    0    0
183    115  499  498  114    0    0    0    0    0
184    116  500  499  115    0    0    0    0    0
185    117  501  500  116    0    0    0    0    0
186     96   68  501  117    0    0    0    0    0
187    489  502   28   27    0    0    0    0    0
188    490  503  502  489    0    0    0    0    0
189    491  504  503  490    0    0    0    0    0
190    492  505  504  491    0    0    0    0    0
191    493  506  505  492    0    0    0    0    0
192    494  507  506  493    0    0    0    0    0
193    495  508  507  494    0    0    0    0    0
194    496  509  508  495    0    0    0    0    0
195    497  510  509  496    0    0    0    0    0
196    498  511  510  497    0    0    0    0    0
197    499  512  511  498    0    0    0    0    0
198    500  513  512  499    0    0    0    0    0
199    501  514  513  500    0    0    0    0    0
200     68   29  514  501    0    0    0    0    0
201    502  515   30   28    0    0    0    0    0
202    503  516  515  502    0    0    0    0    0
203    504  517  516  503    0    0    0    0    0
204    505  518  517  504    0    0    0    0    0
205    506  519  518  505    0    0    0    0    0
206    507  520  519  506    0    0    0    0    0
207    508  521  520  507    0    0    0    0    0
208    509  522  521  508    0    0    0    0    0
209    510  523  522  509    0    0    0    0    0
210    511  524  523  510    0    0    0    0    0
211    512  525  524  511    0    0    0    0    0
212    513  526  525  512    0    0    0    0    0
213    514  527  526  513    0    0    0    0    0
214     29   31  527  514    0    0    0    0    0
215    515  528   32   30    0    0    0    0    0
216    516  529  528  515    0    0    0    0    0
217    517  530  529  516    0    0    0    0    0
218    518  531  530  517    0    0    0    0    0
219    519  532  531  518    0    0    0    0    0
220    520  533  532  519    0    0    0    0    0
221    521  534  533  520    0    0    0    0    0
222    522  535  534  521    0    0    0    0    0
223    523  536  535  522    0    0    0    0    0
224    524  537  536  523    0    0    0    0    0
225    525  538  537  524    0    0    0    0    0
226    526  539  538  525    0    0    0    0    0
227    527  540  539  526    0    0    0    0    0
228     31   33  540  527    0    0    0    0    0
229    528  541   34   32    0    0    0    0    0
230    529  542  541  528    0    0    0    0    0
231    530  543  542  529    0    0    0    0    0
232    531  544  543  530    0    0    0    0    0
233    532  545  544  531    0    0    0    0    0
234    533  546  545  532    0    0    0    0    0
235    534  547  546  533    0    0    0    0    0
236    535  548  547  534    0    0    0    0    0
237    536  549  548  535    0    0    0    0    0
238    537  550  549  536    0    0    0    0    0
239    538  551  550  537    0    0    0    0    0
240    539  552  551  538    0    0    0    0    0
241    540  553  552  539    0    0    0    0    0
242     33   35  553  540    0    0    0    0    0
243    541  554   69   34    0    0    0    0    0
244    542  555  554  541    0    0    0    0    0
245    543  556  555  542    0    0    0    0    0
246    544  557  556  543    0    0    0    0    0
247    545  558  557  544    0    0    0    0    0
248    546  559  558  545    0    0    0    0    0
249    547  560  559  546    0    0    0    0    0
250    548  561  560  547    0    0    0    0    0
251    549  562  561  548    0    0    0    0    0
252    550  563  562  549    0    0    0    0    0
253    551  564  563  550    0    0    0    0    0
254    552  565  564  551    0    0    0    0    0
255    553  566  565  552    0    0    0    0    0
256     35   36  566  553    0    0    0    0    0
257    554  567   70   69    0    0    0    0    0
258    555  568  567  554    0    0    0    0    0
259    556  569  568  555    0    0    0    0    0
260    557  570  569  556    0    0    0    0    0
261    558  571  570  557    0    0    0    0    0
262    559  572  571  558    0    0    0    0    0
263    560  573  572  559    0    0    0    0    0
264    561  574  573  560    0    0    0    0    0
265    562  575  574  561    0    0    0    0    0
266    563  576  575  562    0    0    0    0    0
267    564  577  576  563    0    0    0    0    0
268    565  578  577  564    0    0    0    0    0
269    566  579  578  565    0    0    0    0    0
270     36   37  579  566    0    0    0    0    0
271    567  177   56   70    0    0    0    0    0
272    568  178  177  567    0    0    0    0    0
273    569  179  178  568    0    0    0    0    0
274    570  180  179  569    0    0    0    0    0
275    571  181  180  570    0    0    0    0    0
276    572  182  181  571    0    0    0    0    0
277    573  183  182  572    0    0    0    0    0
278    574  184  183  573    0    0    0    0    0
279    575  185  184  574    0    0    0    0    0
280    576  186  185  575    0    0    0    0    0
281    577  187  186  576    0    0    0    0    0
282    578  188  187  577    0    0    0    0    0
283    579  189  188  578    0    0    0    0    0
284     37   55  189  579    0    0    0    0    0
285    177  697  268   56    0    0    0    0    0
286    697  698  269  268    0    0    0    0    0
287    698  190   57  269    0    0    0    0    0
288    178  699  697  177    0    0    0    0    0
289    699  700  698  697    0    0    0    0    0
290    700  191  190  698    0    0    0    0    0
291    179  701  699  178    0    0    0    0    0
292    701  702  700  699    0    0    0    0    0
293    702  192  191  700    0    0    0    0    0
294    180  703  701  179    0    0    0    0    0
295    703  704  702  701    0    0    0    0    0
296    704  193  192  702    0    0    0    0    0
297    181  705  703  180    0    0    0    0    0
298    705  706  704  703    0    0    0    0    0
299    706  194  193  704    0    0    0    0    0
300    182  707  705  181    0    0    0    0    0
301    707  708  706  705    0    0    0    0    0
302    708  195  194  706    0    0    0    0    0
303    183  709  707  182    0    0    0    0    0
304    709  710  708  707    0    0    0    0    0
305    710  196  195  708    0    0    0    0    0
306    184  711  709  183    0    0    0    0    0
307    711  712  710  709    0    0    0    0    0
308    712  197  196  710    0    0    0    0    0
309    185  713  711  184    0    0    0    0    0
310    713  714  712  711    0    0    0    0    0
311    714  198  197  712    0    0    0    0    0
312    186  715  713  185    0    0    0    0    0
313    715  716  714  713    0    0    0    0    0
314    716  199  198  714    0    0    0    0    0
315    187  717  715  186    0    0    0    0    0
316    717  718  716  715    0    0    0    0    0
317    718  200  199  716    0    0    0    0    0
318    188  719  717  187    0    0    0    0    0
319    719  720  718  717    0    0    0    0    0
320    720  201  200  718    0    0    0    0    0
321    189  721  719  188    0    0    0    0    0
322    721  722  720  719    0    0    0    0    0
323    722  202  201  720    0    0    0    0    0
324     55  270  721  189    0    0    0    0    0
325    270  271  722  721    0    0    0    0    0
326    271   54  202  722    0    0    0    0    0
327    190  580   38   57    0    0    0    0    0
328    191  581  580  190    0    0    0    0    0
329    192  582  581  191    0    0    0    0    0
330    193  583  582  192    0    0    0    0    0
331    194  584  583  193    0    0    0    0    0
332    195  585  584  194    0    0    0    0    0
333    196  586  585  195    0    0    0    0    0
334    197  587  586  196    0    0    0    0    0
335    198  588  587  197    0    0    0    0    0
336    199  589  588  198    0    0    0    0    0
337    200  590  589  199    0    0    0    0    0
338    201  591  590  200    0    0    0    0    0
339    202  592  591  201    0    0    0    0    0
340     54   39  592  202    0    0    0    0    0
341    580  593   40   38    0    0    0    0    0
342    581  594  593  580    0    0    0    0    0
343    582  595  594  581    0    0    0    0    0
344    583  596  595  582    0    0    0    0    0
345    584  597  596  583    0    0    0    0    0
346    585  598  597  584    0    0    0    0    0
347    586  599  598  585    0    0    0    0    0
348    587  600  599  586    0    0    0    0    0
349    588  601  600  587    0    0    0    0    0
350    589  602  601  588    0    0    0    0    0
351    590  603  602  589    0    0    0    0    0
352    591  604  603  590    0    0    0    0    0
353    592  605  604  591    0    0    0    0    0
354     39   41  605  592    0    0    0    0    0
355    593  606   42   40    0    0    0    0    0
356    594  607  606  593    0    0    0    0    0
357    595  608  607  594    0    0    0    0    0
358    596  609  608  595    0    0    0    0    0
359    597  610  609  596    0    0    0    0    0
360    598  611  610  597    0    0    0    0    0
361    599  612  611  598    0    0    0    0    0
362    600  613  612  599    0    0    0    0    0
363    601  614  613  600    0    0    0    0    0
364    602  615  614  601    0    0    0    0    0
365    603  616  615  602    0    0    0    0    0
366    604  617  616  603    0    0    0    0    0
367    605  618  617  604    0    0    0    0    0
368     41   43  618  605    0    0    0    0    0
369    606  619   44   42    0    0    0    0    0
370    607  620  619  606    0    0    0    0    0
371    608  621  620  607    0    0    0    0    0
372    609  622  621  608    0    0    0    0    0
373    610  623  622  609    0    0    0    0    0
374    611  624  623  610    0    0    0    0    0
375    612  625  624  611    0    0    0    0    0
376    613  626  625  612    0    0    0    0    0
377    614  627  626  613    0    0    0    0    0
378    615  628  627  614    0    0    0    0    0
379    616  629  628  615    0    0    0    0    0
380    617  630  629  616    0    0    0    0    0
381    618  631  630  617    0    0    0    0    0
382     43   67  631  618    0    0    0    0    0
383    619  632   45   44    0    0    0    0    0
384    620  633  632  619    0    0    0    0    0
385    621  634  633  620    0    0    0    0    0
386    622  635  634  621    0    0    0    0    0
387    623  636  635  622    0    0    0    0    0
388    624  637  636  623    0    0    0    0    0
389    625  638  637  624    0    0    0    0    0
390    626  639  638  625    0    0    0    0    0
391    627  640  639  626    0    0    0    0    0
392    628  641  640  627    0    0    0    0    0
393    629  642  641  628    0    0    0    0    0
394    630  643  642  629    0    0    0    0    0
395    631  644  643  630    0    0    0    0    0
396     67   66  644  631    0    0    0    0    0
397    632  645   71   45    0    0    0    0    0
398    633  646  645  632    0    0    0    0    0
399    634  647  646  633    0    0    0    0    0
400    635  648  647  634    0    0    0    0    0
401    636  649  648  635    0    0    0    0    0
402    637  650  649  636    0    0    0    0    0
403    638  651  650  637    0    0    0    0    0
404    639  652  651  638    0    0    0    0    0
405    640  653  652  639    0    0    0    0    0
406    641  654  653  640    0    0    0    0    0
407    642  655  654  641    0    0    0    0    0
408    643  656  655  642    0    0    0    0    0
409    644  657  656  643    0    0    0    0    0
410     66   46  657  644    0    0    0    0    0
411    645  658   72   71    0    0    0    0    0
412    646  659  658  645    0    0    0    0    0
413    647  660  659  646    0    0    0    0    0
414    648  661  660  647    0    0    0    0    0
415    649  662  661  648    0    0    0    0    0
416    650  663  662  649    0    0    0    0    0
417    651  664  663  650    0    0    0    0    0
418    652  665  664  651    0    0    0    0    0
419    653  666  665  652    0    0    0    0    0
420    654  667  666  653    0    0    0    0    0
421    655  668  667  654    0    0    0    0    0
422    656  669  668  655    0    0    0    0    0
423    657  670  669  656    0    0    0    0    0
424     46   47  670  657    0    0    0    0    0
425    658  141   58   72    0    0    0    0    0
426    659  142  141  658    0    0    0    0    0
427    660  143  142  659    0    0    0    0    0
428    661  144  143  660    0    0    0    0    0
429    662  145  144  661    0    0    0    0    0
430    663  146  145  662    0    0    0    0    0
431    664  147  146  663    0    0    0    0    0
432    665  148  147  664    0    0    0    0    0
433    666  149  148  665    0    0    0    0    0
434    667  150  149  666    0    0    0    0    0
435    668  151  150  667    0    0    0    0    0
436    669  152  151  668    0    0    0    0    0
437    670  153  152  669    0    0    0    0    0
438     47   53  153  670    0    0    0    0    0
439     15   51  215  397    0    0    0    0    0
440    397  215  214  396    0    0    0    0    0
441    396  214  213  395    0    0    0    0    0
442    395  213  212  394    0    0    0    0    0
443    394  212  211  393    0    0    0    0    0
444    393  211  210  392    0    0    0    0    0
445    392  210  209  391    0    0    0    0    0
446    391  209  208  390    0    0    0    0    0
447    390  208  207  389    0    0    0    0    0
448    389  207  206  388    0    0    0    0    0
449    388  206  205  387    0    0    0    0    0
450    387  205  204  386    0    0    0    0    0
451    386  204  203  385    0    0    0    0    0
452    385  203   61   60    0    0    0    0    0
453     14   15  397  384    0    0    0    0    0
454    384  397  396  383    0    0    0    0    0
455    383  396  395  382    0    0    0    0    0
456    382  395  394  381    0    0    0    0    0
457    381  394  393  380    0    0    0    0    0
458    380  393  392  379    0    0    0    0    0
459    379  392  391  378    0    0    0    0    0
460    378  391  390  377    0    0    0    0    0
461    377  390  389  376    0    0    0    0    0
462    376  389  388  375    0    0    0    0    0
463    375  388  387  374    0    0    0    0    0
464    374  387  386  373    0    0    0    0    0
465    373  386  385  372    0    0    0    0    0
466    372  385   60   13    0    0    0    0    0
467     10   12  371  358    0    0    0    0    0
468    358  371  370  357    0    0    0    0    0
469    357  370  369  356    0    0    0    0    0
470    356  369  368  355    0    0    0    0    0
471    355  368  367  354    0    0    0    0    0
472    354  367  366  353    0    0    0    0    0
473    353  366  365  352    0    0    0    0    0
474    352  365  364  351    0    0    0    0    0
475    351  364  363  350    0    0    0    0    0
476    350  363  362  349    0    0    0    0    0
477    349  362  361  348    0    0    0    0    0
478    348  361  360  347    0    0    0    0    0
479    347  360  359  346    0    0    0    0    0
480    346  359   11    9    0    0    0    0    0
481      8   10  358  345    0    0    0    0    0
482    345  358  357  344    0    0    0    0    0
483    344  357  356  343    0    0    0    0    0
484    343  356  355  342    0    0    0    0    0
485    342  355  354  341    0    0    0    0    0
486    341  354  353  340    0    0    0    0    0
487    340  353  352  339    0    0    0    0    0
488    339  352  351  338    0    0    0    0    0
489    338  351  350  337    0    0    0    0    0
490    337  350  349  336    0    0    0    0    0
491    336  349  348  335    0    0    0    0    0
492    335  348  347  334    0    0    0    0    0
493    334  347  346  333    0    0    0    0    0
494    333  346    9    7    0    0    0    0    0
495     65   64  332  319    0    0    0    0    0
496    319  332  331  318    0    0    0    0    0
497    318  331  330  317    0    0    0    0    0
498    317  330  329  316    0    0    0    0    0
499    316  329  328  315    0    0    0    0    0
500    315  328  327  314    0    0    0    0    0
501    314  327  326  313    0    0    0    0    0
502    313  326  325  312    0    0    0    0    0
503    312  325  324  311    0    0    0    0    0
504    311  324  323  310    0    0    0    0    0
505    310  323  322  309    0    0    0    0    0
506    309  322  321  308    0    0    0    0    0
507    308  321  320  307    0    0    0    0    0
508    307  320    6    5    0    0    0    0    0
509     52   65  319  154    0    0    0    0    0
510    154  319  318  155    0    0    0    0    0
511    155  318  317  156    0    0    0    0    0
512    156  317  316  157    0    0    0    0    0
513    157  316  315  158    0    0    0    0    0
514    158  315  314  159    0    0    0    0    0
515    159  314  313  160    0    0    0    0    0
516    160  313  312  161    0    0    0    0    0
517    161  312  311  162    0    0    0    0    0
518    162  311  310  163    0    0    0    0    0
519    163  310  309  164    0    0    0    0    0
520    164  309  308  165    0    0    0    0    0
521    165  308  307  166    0    0    0    0    0
522    166  307    5   49    0    0    0    0    0
523     12   14  384  371    0    0    0    0    0
524    371  384  383  370    0    0    0    0    0
525    370  383  382  369    0    0    0    0    0
526    369  382  381  368    0    0    0    0    0
527    368  381  380  367    0    0    0    0    0
528    367  380  379  366    0    0    0    0    0
529    366  379  378  365    0    0    0    0    0
530    365  378  377  364    0    0    0    0    0
531    364  377  376  363    0    0    0    0    0
532    363  376  375  362    0    0    0    0    0
533    362  375  374  361    0    0    0    0    0
534    361  374  373  360    0    0    0    0    0
535    360  373  372  359    0    0    0    0    0
536    359  372   13   11    0    0    0    0    0
537    320  333    7    6    0    0    0    0    0
538    321  334  333  320    0    0    0    0    0
539    322  335  334  321    0    0    0    0    0
540    323  336  335  322    0    0    0    0    0
541    324  337  336  323    0    0    0    0    0
542    325  338  337  324    0    0    0    0    0
543    326  339  338  325    0    0    0    0    0
544    327  340  339  326    0    0    0    0    0
545    328  341  340  327    0    0    0    0    0
546    329  342  341  328    0    0    0    0    0
547    330  343  342  329    0    0    0    0    0
548    331  344  343  330    0    0    0    0    0
549    332  345  344  331    0    0    0    0    0
550     64    8  345  332    0    0    0    0    0
551     86  248  243   85    0    0    0    0    0
552    248  249  244  243    0    0    0    0    0
553    249  250  245  244    0    0    0    0    0
554    250  251  246  245    0    0    0    0    0
555    251  252  247  246    0    0    0    0    0
556    252    1   88  247    0    0    0    0    0
557     87  253  248   86    0    0    0    0    0
558    253  254  249  248    0    0    0    0    0
559    254  255  250  249    0    0    0    0    0
560    255  256  251  250    0    0    0    0    0
561    256  257  252  251    0    0    0    0    0
562    257  100    1  252    0    0    0    0    0
563    262  101  100  257    0    0    0    0    0
564    261  262  257  256    0    0    0    0    0
565    260  261  256  255    0    0    0    0    0
566    259  260  255  254    0    0    0    0    0
567    258  259  254  253    0    0    0    0    0
568      2  258  253   87    0    0    0    0    0
569    267    3  101  262    0    0    0    0    0
570    266  267  262  261    0    0    0    0    0
571    265  266  261  260    0    0    0    0    0
572    264  265  260  259    0    0    0    0    0
573    263  264  259  258    0    0    0    0    0
574     99  263  258    2    0    0    0    0    0
575    171   90    3  267    0    0    0    0    0
576    170  171  267  266    0    0    0    0    0
577    169  170  266  265    0    0    0    0    0
578    168  169  265  264    0    0    0    0    0
579    167  168  264  263    0    0    0    0    0
580     82  167  263   99    0    0    0    0    0
581     73  302  238   74    0    0    0    0    0
582    302  303  239  238    0    0    0    0    0
583    303  304  240  239    0    0    0    0    0
584    304  305  241  240    0    0    0    0    0
585    305  306  242  241    0    0    0    0    0
586    306   76   75  242    0    0    0    0    0
587     83  176  302   73    0    0    0    0    0
588    176  175  303  302    0    0    0    0    0
589    175  174  304  303    0    0    0    0    0
590    174  173  305  304    0    0    0    0    0
591    173  172  306  305    0    0    0    0    0
592    172  102   76  306    0    0    0    0    0
593     91  277  176   83    0    0    0    0    0
594    277  278  175  176    0    0    0    0    0
595    278  279  174  175    0    0    0    0    0
596    279  280  173  174    0    0    0    0    0
597    280  281  172  173    0    0    0    0    0
598    281  103  102  172    0    0    0    0    0
599     92  282  277   91    0    0    0    0    0
600    282  283  278  277    0    0    0    0    0
601    283  284  279  278    0    0    0    0    0
602    284  285  280  279    0    0    0    0    0
603    285  286  281  280    0    0    0    0    0
604    286  104  103  281    0    0    0    0    0
605     93  287  282   92    0    0    0    0    0
606    287  288  283  282    0    0    0    0    0
607    288  289  284  283    0    0    0    0    0
608    289  290  285  284    0    0    0    0    0
609    290  291  286  285    0    0    0    0    0
610    291    4  104  286    0    0    0    0    0
611     94  292  287   93    0    0    0    0    0
612    292  293  288  287    0    0    0    0    0
613    293  294  289  288    0    0    0    0    0
614    294  295  290  289    0    0    0    0    0
615    295  296  291  290    0    0    0    0    0
616    296   98    4  291    0    0    0    0    0
617     95  297  292   94    0    0    0    0    0
618    297  298  293  292    0    0    0    0    0
619    298  299  294  293    0    0    0    0    0
620    299  300  295  294    0    0    0    0    0
621    300  301  296  295    0    0    0    0    0
622    301   97   98  296    0    0    0    0    0
623     84  122  297   95    0    0    0    0    0
624    122  121  298  297    0    0    0    0    0
625    121  120  299  298    0    0    0    0    0
626    120  119  300  299    0    0    0    0    0
627    119  118  301  300    0    0    0    0    0
628    118   96   97  301    0    0    0    0    0

  1   7   90.00
  2   7   90.00
  3   7   90.00
  4   7   90.00
  5   7   90.00
  6   7   90.00
  7   7   90.00
  8   7   90.00
  9   7   90.00
 10   7   90.00
 11   7   90.00
 12   7   90.00
 13   7   90.00
 14   7   90.00
 15   7   90.00
 16   7   90.00
 17   7   90.00
 18   7   90.00
 19   7   90.00
 20   7   90.00
 21   7   90.00
 22   7   90.00
 23   7   90.00
 24   7   90.00
 25   7   90.00
 26   7   90.00
 27   7   90.00
 28   7   90.00
 29   7   90.00
 30   7   90.00
 31   7   90.00
 32   7   90.00
 33   7   90.00
 34   7   90.00
 35   7   90.00
 36   7   90.00
 37   7   90.00
 38   7   90.00
 39   7   90.00
 40   7   90.00
 41   7   90.00
 42   7   90.00
 43   3   90.00
 44   3   90.00
 45   3   90.00
 46   3   90.00
 47   3   90.00
 48   3   90.00
 49   3   90.00
 50   3   90.00
 51   3   90.00
 52   3   90.00
 53   3   90.00
 54   3   90.00
 55   3   90.00
 56   3   90.00
 57   2   90.00
 58   2   90.00
 59   2   90.00
 60   2   90.00
 61   2   90.00
 62   2   90.00
 63   2   90.00
 64   2   90.00
 65   2   90.00
 66   2   90.00
 67   2   90.00
 68   2   90.00
 69   2   90.00
 70   2   90.00
 71   3   90.00
 72   3   90.00
 73   3   90.00
 74   3   90.00
 75   3   90.00
 76   3   90.00
 77   3   90.00
 78   3   90.00
 79   3   90.00
 80   3   90.00
 81   3   90.00
 82   3   90.00
 83   3   90.00
 84   3   90.00
 85   2   90.00
 86   2   90.00
 87   2   90.00
 88   2   90.00
 89   2   90.00
 90   2   90.00
 91   2   90.00
 92   2   90.00
 93   2   90.00
 94   2   90.00
 95   2   90.00
 96   2   90.00
 97   2   90.00
 98   2   90.00
 99   3   90.00
100   3   90.00
101   3   90.00
102   3   90.00
103   3   90.00
104   3   90.00
105   3   90.00
106   3   90.00
107   3   90.00
108   3   90.00
109   3   90.00
110   3   90.00
111   3   90.00
112   3   90.00
113   2   90.00
114   2   90.00
115   2   90.00
116   2   90.00
117   2   90.00
118   2   90.00
119   2   90.00
120   2   90.00
121   2   90.00
122   2   90.00
123   2   90.00
124   2   90.00
125   2   90.00
126   2   90.00
127   3   90.00
128   3   90.00
129   3   90.00
130   3   90.00
131   3   90.00
132   3   90.00
133   3   90.00
134   3   90.00
135   3   90.00
136   3   90.00
137   3   90.00
138   3   90.00
139   3   90.00
140   3   90.00
141   2   90.00
142   2   90.00
143   2   90.00
144   2   90.00
145   2   90.00
146   2   90.00
147   2   90.00
148   2   90.00
149   2   90.00
150   2   90.00
151   2   90.00
152   2   90.00
153   2   90.00
154   2   90.00
155   6    0.00
156   6    0.00
157   6    0.00
158   6    0.00
159   6    0.00
160   6    0.00
161   1    0.00
162   1    0.00
163   1    0.00
164   1    0.00
165   1    0.00
166   1    0.00
167   1    0.00
168   1    0.00
169   1    0.00
170   1    0.00
171   1    0.00
172   1    0.00
173   2  270.00
174   2  270.00
175   2  270.00
176   2  270.00
177   2  270.00
178   2  270.00
179   2  270.00
180   2  270.00
181   2  270.00
182   2  270.00
183   2  270.00
184   2  270.00
185   2  270.00
186   2  270.00
187   3  270.00
188   3  270.00
189   3  270.00
190   3  270.00
191   3  270.00
192   3  270.00
193   3  270.00
194   3  270.00
195   3  270.00
196   3  270.00
197   3  270.00
198   3  270.00
199   3  270.00
200   3  270.00
201   2  270.00
202   2  270.00
203   2  270.00
204   2  270.00
205   2  270.00
206   2  270.00
207   2  270.00
208   2  270.00
209   2  270.00
210   2  270.00
211   2  270.00
212   2  270.00
213   2  270.00
214   2  270.00
215   3  270.00
216   3  270.00
217   3  270.00
218   3  270.00
219   3  270.00
220   3  270.00
221   3  270.00
222   3  270.00
223   3  270.00
224   3  270.00
225   3  270.00
226   3  270.00
227   3  270.00
228   3  270.00
229   2  270.00
230   2  270.00
231   2  270.00
232   2  270.00
233   2  270.00
234   2  270.00
235   2  270.00
236   2  270.00
237   2  270.00
238   2  270.00
239   2  270.00
240   2  270.00
241   2  270.00
242   2  270.00
243   3  270.00
244   3  270.00
245   3  270.00
246   3  270.00
247   3  270.00
248   3  270.00
249   3  270.00
250   3  270.00
251   3  270.00
252   3  270.00
253   3  270.00
254   3  270.00
255   3  270.00
256   3  270.00
257   2  270.00
258   2  270.00
259   2  270.00
260   2  270.00
261   2  270.00
262   2  270.00
263   2  270.00
264   2  270.00
265   2  270.00
266   2  270.00
267   2  270.00
268   2  270.00
269   2  270.00
270   2  270.00
271   3  270.00
272   3  270.00
273   3  270.00
274   3  270.00
275   3  270.00
276   3  270.00
277   3  270.00
278   3  270.00
279   3  270.00
280   3  270.00
281   3  270.00
282   3  270.00
283   3  270.00
284   3  270.00
285   7  270.00
286   7  270.00
287   7  270.00
288   7  270.00
289   7  270.00
290   7  270.00
291   7  270.00
292   7  270.00
293   7  270.00
294   7  270.00
295   7  270.00
296   7  270.00
297   7  270.00
298   7  270.00
299   7  270.00
300   7  270.00
301   7  270.00
302   7  270.00
303   7  270.00
304   7  270.00
305   7  270.00
306   7  270.00
307   7  270.00
308   7  270.00
309   7  270.00
310   7  270.00
311   7  270.00
312   7  270.00
313   7  270.00
314   7  270.00
315   7  270.00
316   7  270.00
317   7  270.00
318   7  270.00
319   7  270.00
320   7  270.00
321   7  270.00
322   7  270.00
323   7  270.00
324   7  270.00
325   7  270.00
326   7  270.00
327   2  270.00
328   2  270.00
329   2  270.00
330   2  270.00
331   2  270.00
332   2  270.00
333   2  270.00
334   2  270.00
335   2  270.00
336   2  270.00
337   2  270.00
338   2  270.00
339   2  270.00
340   2  270.00
341   3  270.00
342   3  270.00
343   3  270.00
344   3  270.00
345   3  270.00
346   3  270.00
347   3  270.00
348   3  270.00
349   3  270.00
350   3  270.00
351   3  270.00
352   3  270.00
353   3  270.00
354   3  270.00
355   2  270.00
356   2  270.00
357   2  270.00
358   2  270.00
359   2  270.00
360   2  270.00
361   2  270.00
362   2  270.00
363   2  270.00
364   2  270.00
365   2  270.00
366   2  270.00
367   2  270.00
368   2  270.00
369   3  270.00
370   3  270.00
371   3  270.00
372   3  270.00
373   3  270.00
374   3  270.00
375   3  270.00
376   3  270.00
377   3  270.00
378   3  270.00
379   3  270.00
380   3  270.00
381   3  270.00
382   3  270.00
383   2  270.00
384   2  270.00
385   2  270.00
386   2  270.00
387   2  270.00
388   2  270.00
389   2  270.00
390   2  270.00
391   2  270.00
392   2  270.00
393   2  270.00
394   2  270.00
395   2  270.00
396   2  270.00
397   3  270.00
398   3  270.00
399   3  270.00
400   3  270.00
401   3  270.00
402   3  270.00
403   3  270.00
404   3  270.00
405   3  270.00
406   3  270.00
407   3  270.00
408   3  270.00
409   3  270.00
410   3  270.00
411   2  270.00
412   2  270.00
413   2  270.00
414   2  270.00
415   2  270.00
416   2  270.00
417   2  270.00
418   2  270.00
419   2  270.00
420   2  270.00
421   2  270.00
422   2  270.00
423   2  270.00
424   2  270.00
425   3  270.00
426   3  270.00
427   3  270.00
428   3  270.00
429   3  270.00
430   3  270.00
431   3  270.00
432   3  270.00
433   3  270.00
434   3  270.00
435   3  270.00
436   3  270.00
437   3  270.00
438   3  270.00
439   2   90.00
440   2   90.00
441   2   90.00
442   2   90.00
443   2   90.00
444   2   90.00
445   2   90.00
446   2   90.00
447   2   90.00
448   2   90.00
449   2   90.00
450   2   90.00
451   2   90.00
452   2   90.00
453   3   90.00
454   3   90.00
455   3   90.00
456   3   90.00
457   3   90.00
458   3   90.00
459   3   90.00
460   3   90.00
461   3   90.00
462   3   90.00
463   3   90.00
464   3   90.00
465   3   90.00
466   3   90.00
467   3   90.00
468   3   90.00
469   3   90.00
470   3   90.00
471   3   90.00
472   3   90.00
473   3   90.00
474   3   90.00
475   3   90.00
476   3   90.00
477   3   90.00
478   3   90.00
479   3   90.00
480   3   90.00
481   2   90.00
482   2   90.00
483   2   90.00
484   2   90.00
485   2   90.00
486   2   90.00
487   2   90.00
488   2   90.00
489   2   90.00
490   2   90.00
491   2   90.00
492   2   90.00
493   2   90.00
494   2   90.00
495   2   90.00
496   2   90.00
497   2   90.00
498   2   90.00
499   2   90.00
500   2   90.00
501   2   90.00
502   2   90.00
503   2   90.00
504   2   90.00
505   2   90.00
506   2   90.00
507   2   90.00
508   2   90.00
509   3   90.00
510   3   90.00
511   3   90.00
512   3   90.00
513   3   90.00
514   3   90.00
515   3   90.00
516   3   90.00
517   3   90.00
518   3   90.00
519   3   90.00
520   3   90.00
521   3   90.00
522   3   90.00
523   2   90.00
524   2   90.00
525   2   90.00
526   2   90.00
527   2   90.00
528   2   90.00
529   2   90.00
530   2   90.00
531   2   90.00
532   2   90.00
533   2   90.00
534   2   90.00
535   2   90.00
536   2   90.00
537   3   90.00
538   3   90.00
539   3   90.00
540   3   90.00
541   3   90.00
542   3   90.00
543   3   90.00
544   3   90.00
545   3   90.00
546   3   90.00
547   3   90.00
548   3   90.00
549   3   90.00
550   3   90.00
551   6    0.00
552   6    0.00
553   6    0.00
554   6    0.00
555   6    0.00
556   6    0.00
557   5    0.00
558   5    0.00
559   5    0.00
560   5    0.00
561   5    0.00
562   5    0.00
563   4    0.00
564   4    0.00
565   4    0.00
566   4    0.00
567   4    0.00
568   4    0.00
569   5    0.00
570   5    0.00
571   5    0.00
572   5    0.00
573   5    0.00
574   5    0.00
575   4    0.00
576   4    0.00
577   4    0.00
578   4    0.00
579   4    0.00
580   4    0.00
581   1  180.00
582   1  180.00
583   1  180.00
584   1  180.00
585   1  180.00
586   1  180.00
587   1  180.00
588   1  180.00
589   1  180.00
590   1  180.00
591   1  180.00
592   1  180.00
593   4  180.00
594   4  180.00
595   4  180.00
596   4  180.00
597   4  180.00
598   4  180.00
599   5  180.00
600   5  180.00
601   5  180.00
602   5  180.00
603   5  180.00
604   5  180.00
605   4  180.00
606   4  180.00
607   4  180.00
608   4  180.00
609   4  180.00
610   4  180.00
611   5  180.00
612   5  180.00
613   5  180.00
614   5  180.00
615   5  180.00
616   5  180.00
617   6  180.00
618   6  180.00
619   6  180.00
620   6  180.00
621   6  180.00
622   6  180.00
623   6  180.00
624   6  180.00
625   6  180.00
626   6  180.00
627   6  180.00
628   6  180.00

1    1     0.00
2    2    45.00
3    2   -45.00
4    3    45.00
5    3   -45.00
6    3     0.00
7    4     0.00

1   1   # E-LT-5500/EP-3
4.18000e+10   1.40000e+10   1.40000e+10
2.63000e+09   2.63000e+09   2.63000e+09
2.80000e-01   2.80000e-01   2.80000e-01
1.92000e+03

2   1   # Saertex/EP-3
1.36000e+10   1.33000e+10   1.33000e+10
1.18000e+10   1.18000e+10   1.18000e+10
5.10000e-01   5.10000e-01   5.10000e-01
1.78000e+03

3   1   # SNL Triax
2.77000e+10   1.36500e+10   1.36500e+10
7.20000e+09   7.20000e+09   7.20000e+09
3.90000e-01   3.90000e-01   3.90000e-01
1.85000e+03

4   0   # Foam
2.56000e+08   3.00000e-01
2.00000e+02

