1 7
1 0 0    # Timoshenko_flag  recover_flag  thermal_flag
1 0 0 0  # curve_flag  oblique_flag  trapeze_flag  Vlasov_flag
-0.00206 0.0 0.0

638 556 4   # nnode  nelem  nmate   (where: nnode = total number of nodes, nelem = total number of elements, nmate = total number of material types)

  1    -0.83300000     0.35350000
  2    -0.75300000     0.35350000
  3    -0.75300000    -0.35350000
  4    -0.83300000    -0.35350000
  5    -0.75262500     0.35350000
  6    -0.75262500    -0.35350000
  7    -0.75225000     0.35350000
  8    -0.75225000    -0.35350000
  9    -0.75187500     0.35350000
 10    -0.75187500    -0.35350000
 11    -0.75150000     0.35350000
 12    -0.75150000    -0.35350000
 13    -0.75112500     0.35350000
 14    -0.75112500    -0.35350000
 15    -0.75075000     0.35350000
 16    -0.75075000    -0.35350000
 17    -0.75037500     0.35350000
 18    -0.75037500    -0.35350000
 19     0.75037500     0.35350000
 20     0.75075000     0.35350000
 21     0.75075000    -0.35350000
 22     0.75037500    -0.35350000
 23     0.75112500     0.35350000
 24     0.75112500    -0.35350000
 25     0.75150000     0.35350000
 26     0.75150000    -0.35350000
 27     0.75187500     0.35350000
 28     0.75187500    -0.35350000
 29     0.75225000     0.35350000
 30     0.75225000    -0.35350000
 31     0.75262500     0.35350000
 32     0.75262500    -0.35350000
 33     0.75300000     0.35350000
 34     0.75300000    -0.35350000
 35     0.83300000     0.35350000
 36     0.83300000    -0.35350000
 37     0.83337500     0.35350000
 38     0.83337500    -0.35350000
 39     0.83375000     0.35350000
 40     0.83375000    -0.35350000
 41     0.83412500     0.35350000
 42     0.83412500    -0.35350000
 43     0.83450000     0.35350000
 44     0.83450000    -0.35350000
 45     0.83487500     0.35350000
 46     0.83487500    -0.35350000
 47     0.83525000     0.35350000
 48     0.83525000    -0.35350000
 49     0.83562500     0.35350000
 50     0.83562500    -0.35350000
 51     0.83600000     0.35350000
 52     0.83600000    -0.35350000
 53    -0.83337500    -0.35350000
 54    -0.83337500     0.35350000
 55    -0.83375000    -0.35350000
 56    -0.83375000     0.35350000
 57    -0.83412500    -0.35350000
 58    -0.83450000    -0.35350000
 59    -0.83450000     0.35350000
 60    -0.83412500     0.35350000
 61    -0.83487500    -0.35350000
 62    -0.83487500     0.35350000
 63    -0.83525000    -0.35350000
 64    -0.83562500    -0.35350000
 65    -0.83562500     0.35350000
 66    -0.83525000     0.35350000
 67    -0.83600000    -0.35350000
 68    -0.83600000     0.35350000
 69     0.75000000    -0.35350000
 70    -0.75000000    -0.35350000
 71    -0.75000000     0.35350000
 72     0.75000000     0.35350000
 73    -0.75000000     0.33650000
 74     0.75000000     0.33650000
 75    -0.75000000     0.34500000
 76     0.75000000     0.34500000
 77    -0.75000000    -0.34500000
 78     0.75000000    -0.34500000
 79    -0.75000000    -0.33650000
 80     0.75000000    -0.33650000
 81    -0.80633333     0.35350000
 82    -0.77966667     0.35350000
 83    -0.75300000     0.30300000
 84    -0.75300000     0.25250000
 85    -0.75300000     0.20200000
 86    -0.75300000     0.15150000
 87    -0.75300000     0.10100000
 88    -0.75300000     0.05050000
 89    -0.75300000    -0.00000000
 90    -0.75300000    -0.05050000
 91    -0.75300000    -0.10100000
 92    -0.75300000    -0.15150000
 93    -0.75300000    -0.20200000
 94    -0.75300000    -0.25250000
 95    -0.75300000    -0.30300000
 96    -0.77966667    -0.35350000
 97    -0.80633333    -0.35350000
 98    -0.83300000     0.30300000
 99    -0.83300000     0.25250000
100    -0.83300000     0.20200000
101    -0.83300000     0.15150000
102    -0.83300000     0.10100000
103    -0.83300000     0.05050000
104    -0.83300000    -0.00000000
105    -0.83300000    -0.05050000
106    -0.83300000    -0.10100000
107    -0.83300000    -0.15150000
108    -0.83300000    -0.20200000
109    -0.83300000    -0.25250000
110    -0.83300000    -0.30300000
111    -0.75262500     0.30300000
112    -0.75262500     0.25250000
113    -0.75262500     0.20200000
114    -0.75262500     0.15150000
115    -0.75262500     0.10100000
116    -0.75262500     0.05050000
117    -0.75262500    -0.00000000
118    -0.75262500    -0.05050000
119    -0.75262500    -0.10100000
120    -0.75262500    -0.15150000
121    -0.75262500    -0.20200000
122    -0.75262500    -0.25250000
123    -0.75262500    -0.30300000
124    -0.75225000     0.30300000
125    -0.75225000     0.25250000
126    -0.75225000     0.20200000
127    -0.75225000     0.15150000
128    -0.75225000     0.10100000
129    -0.75225000     0.05050000
130    -0.75225000    -0.00000000
131    -0.75225000    -0.05050000
132    -0.75225000    -0.10100000
133    -0.75225000    -0.15150000
134    -0.75225000    -0.20200000
135    -0.75225000    -0.25250000
136    -0.75225000    -0.30300000
137    -0.75187500     0.30300000
138    -0.75187500     0.25250000
139    -0.75187500     0.20200000
140    -0.75187500     0.15150000
141    -0.75187500     0.10100000
142    -0.75187500     0.05050000
143    -0.75187500    -0.00000000
144    -0.75187500    -0.05050000
145    -0.75187500    -0.10100000
146    -0.75187500    -0.15150000
147    -0.75187500    -0.20200000
148    -0.75187500    -0.25250000
149    -0.75187500    -0.30300000
150    -0.75150000     0.30300000
151    -0.75150000     0.25250000
152    -0.75150000     0.20200000
153    -0.75150000     0.15150000
154    -0.75150000     0.10100000
155    -0.75150000     0.05050000
156    -0.75150000    -0.00000000
157    -0.75150000    -0.05050000
158    -0.75150000    -0.10100000
159    -0.75150000    -0.15150000
160    -0.75150000    -0.20200000
161    -0.75150000    -0.25250000
162    -0.75150000    -0.30300000
163    -0.75112500     0.30300000
164    -0.75112500     0.25250000
165    -0.75112500     0.20200000
166    -0.75112500     0.15150000
167    -0.75112500     0.10100000
168    -0.75112500     0.05050000
169    -0.75112500    -0.00000000
170    -0.75112500    -0.05050000
171    -0.75112500    -0.10100000
172    -0.75112500    -0.15150000
173    -0.75112500    -0.20200000
174    -0.75112500    -0.25250000
175    -0.75112500    -0.30300000
176    -0.75075000     0.30300000
177    -0.75075000     0.25250000
178    -0.75075000     0.20200000
179    -0.75075000     0.15150000
180    -0.75075000     0.10100000
181    -0.75075000     0.05050000
182    -0.75075000    -0.00000000
183    -0.75075000    -0.05050000
184    -0.75075000    -0.10100000
185    -0.75075000    -0.15150000
186    -0.75075000    -0.20200000
187    -0.75075000    -0.25250000
188    -0.75075000    -0.30300000
189    -0.75037500     0.30300000
190    -0.75037500     0.25250000
191    -0.75037500     0.20200000
192    -0.75037500     0.15150000
193    -0.75037500     0.10100000
194    -0.75037500     0.05050000
195    -0.75037500    -0.00000000
196    -0.75037500    -0.05050000
197    -0.75037500    -0.10100000
198    -0.75037500    -0.15150000
199    -0.75037500    -0.20200000
200    -0.75037500    -0.25250000
201    -0.75037500    -0.30300000
202     0.75075000     0.30300000
203     0.75075000     0.25250000
204     0.75075000     0.20200000
205     0.75075000     0.15150000
206     0.75075000     0.10100000
207     0.75075000     0.05050000
208     0.75075000    -0.00000000
209     0.75075000    -0.05050000
210     0.75075000    -0.10100000
211     0.75075000    -0.15150000
212     0.75075000    -0.20200000
213     0.75075000    -0.25250000
214     0.75075000    -0.30300000
215     0.75037500     0.30300000
216     0.75037500     0.25250000
217     0.75037500     0.20200000
218     0.75037500     0.15150000
219     0.75037500     0.10100000
220     0.75037500     0.05050000
221     0.75037500    -0.00000000
222     0.75037500    -0.05050000
223     0.75037500    -0.10100000
224     0.75037500    -0.15150000
225     0.75037500    -0.20200000
226     0.75037500    -0.25250000
227     0.75037500    -0.30300000
228     0.75112500     0.30300000
229     0.75112500     0.25250000
230     0.75112500     0.20200000
231     0.75112500     0.15150000
232     0.75112500     0.10100000
233     0.75112500     0.05050000
234     0.75112500    -0.00000000
235     0.75112500    -0.05050000
236     0.75112500    -0.10100000
237     0.75112500    -0.15150000
238     0.75112500    -0.20200000
239     0.75112500    -0.25250000
240     0.75112500    -0.30300000
241     0.75150000     0.30300000
242     0.75150000     0.25250000
243     0.75150000     0.20200000
244     0.75150000     0.15150000
245     0.75150000     0.10100000
246     0.75150000     0.05050000
247     0.75150000    -0.00000000
248     0.75150000    -0.05050000
249     0.75150000    -0.10100000
250     0.75150000    -0.15150000
251     0.75150000    -0.20200000
252     0.75150000    -0.25250000
253     0.75150000    -0.30300000
254     0.75187500     0.30300000
255     0.75187500     0.25250000
256     0.75187500     0.20200000
257     0.75187500     0.15150000
258     0.75187500     0.10100000
259     0.75187500     0.05050000
260     0.75187500    -0.00000000
261     0.75187500    -0.05050000
262     0.75187500    -0.10100000
263     0.75187500    -0.15150000
264     0.75187500    -0.20200000
265     0.75187500    -0.25250000
266     0.75187500    -0.30300000
267     0.75225000     0.30300000
268     0.75225000     0.25250000
269     0.75225000     0.20200000
270     0.75225000     0.15150000
271     0.75225000     0.10100000
272     0.75225000     0.05050000
273     0.75225000    -0.00000000
274     0.75225000    -0.05050000
275     0.75225000    -0.10100000
276     0.75225000    -0.15150000
277     0.75225000    -0.20200000
278     0.75225000    -0.25250000
279     0.75225000    -0.30300000
280     0.75262500     0.30300000
281     0.75262500     0.25250000
282     0.75262500     0.20200000
283     0.75262500     0.15150000
284     0.75262500     0.10100000
285     0.75262500     0.05050000
286     0.75262500    -0.00000000
287     0.75262500    -0.05050000
288     0.75262500    -0.10100000
289     0.75262500    -0.15150000
290     0.75262500    -0.20200000
291     0.75262500    -0.25250000
292     0.75262500    -0.30300000
293     0.75300000     0.30300000
294     0.75300000     0.25250000
295     0.75300000     0.20200000
296     0.75300000     0.15150000
297     0.75300000     0.10100000
298     0.75300000     0.05050000
299     0.75300000    -0.00000000
300     0.75300000    -0.05050000
301     0.75300000    -0.10100000
302     0.75300000    -0.15150000
303     0.75300000    -0.20200000
304     0.75300000    -0.25250000
305     0.75300000    -0.30300000
306     0.77966667     0.35350000
307     0.80633333     0.35350000
308     0.83300000     0.30300000
309     0.83300000     0.25250000
310     0.83300000     0.20200000
311     0.83300000     0.15150000
312     0.83300000     0.10100000
313     0.83300000     0.05050000
314     0.83300000    -0.00000000
315     0.83300000    -0.05050000
316     0.83300000    -0.10100000
317     0.83300000    -0.15150000
318     0.83300000    -0.20200000
319     0.83300000    -0.25250000
320     0.83300000    -0.30300000
321     0.77966667    -0.35350000
322     0.80633333    -0.35350000
323     0.83337500     0.30300000
324     0.83337500     0.25250000
325     0.83337500     0.20200000
326     0.83337500     0.15150000
327     0.83337500     0.10100000
328     0.83337500     0.05050000
329     0.83337500    -0.00000000
330     0.83337500    -0.05050000
331     0.83337500    -0.10100000
332     0.83337500    -0.15150000
333     0.83337500    -0.20200000
334     0.83337500    -0.25250000
335     0.83337500    -0.30300000
336     0.83375000     0.30300000
337     0.83375000     0.25250000
338     0.83375000     0.20200000
339     0.83375000     0.15150000
340     0.83375000     0.10100000
341     0.83375000     0.05050000
342     0.83375000    -0.00000000
343     0.83375000    -0.05050000
344     0.83375000    -0.10100000
345     0.83375000    -0.15150000
346     0.83375000    -0.20200000
347     0.83375000    -0.25250000
348     0.83375000    -0.30300000
349     0.83412500     0.30300000
350     0.83412500     0.25250000
351     0.83412500     0.20200000
352     0.83412500     0.15150000
353     0.83412500     0.10100000
354     0.83412500     0.05050000
355     0.83412500    -0.00000000
356     0.83412500    -0.05050000
357     0.83412500    -0.10100000
358     0.83412500    -0.15150000
359     0.83412500    -0.20200000
360     0.83412500    -0.25250000
361     0.83412500    -0.30300000
362     0.83450000     0.30300000
363     0.83450000     0.25250000
364     0.83450000     0.20200000
365     0.83450000     0.15150000
366     0.83450000     0.10100000
367     0.83450000     0.05050000
368     0.83450000    -0.00000000
369     0.83450000    -0.05050000
370     0.83450000    -0.10100000
371     0.83450000    -0.15150000
372     0.83450000    -0.20200000
373     0.83450000    -0.25250000
374     0.83450000    -0.30300000
375     0.83487500     0.30300000
376     0.83487500     0.25250000
377     0.83487500     0.20200000
378     0.83487500     0.15150000
379     0.83487500     0.10100000
380     0.83487500     0.05050000
381     0.83487500    -0.00000000
382     0.83487500    -0.05050000
383     0.83487500    -0.10100000
384     0.83487500    -0.15150000
385     0.83487500    -0.20200000
386     0.83487500    -0.25250000
387     0.83487500    -0.30300000
388     0.83525000     0.30300000
389     0.83525000     0.25250000
390     0.83525000     0.20200000
391     0.83525000     0.15150000
392     0.83525000     0.10100000
393     0.83525000     0.05050000
394     0.83525000    -0.00000000
395     0.83525000    -0.05050000
396     0.83525000    -0.10100000
397     0.83525000    -0.15150000
398     0.83525000    -0.20200000
399     0.83525000    -0.25250000
400     0.83525000    -0.30300000
401     0.83562500     0.30300000
402     0.83562500     0.25250000
403     0.83562500     0.20200000
404     0.83562500     0.15150000
405     0.83562500     0.10100000
406     0.83562500     0.05050000
407     0.83562500    -0.00000000
408     0.83562500    -0.05050000
409     0.83562500    -0.10100000
410     0.83562500    -0.15150000
411     0.83562500    -0.20200000
412     0.83562500    -0.25250000
413     0.83562500    -0.30300000
414     0.83600000     0.30300000
415     0.83600000     0.25250000
416     0.83600000     0.20200000
417     0.83600000     0.15150000
418     0.83600000     0.10100000
419     0.83600000     0.05050000
420     0.83600000    -0.00000000
421     0.83600000    -0.05050000
422     0.83600000    -0.10100000
423     0.83600000    -0.15150000
424     0.83600000    -0.20200000
425     0.83600000    -0.25250000
426     0.83600000    -0.30300000
427    -0.83337500     0.30300000
428    -0.83337500     0.25250000
429    -0.83337500     0.20200000
430    -0.83337500     0.15150000
431    -0.83337500     0.10100000
432    -0.83337500     0.05050000
433    -0.83337500    -0.00000000
434    -0.83337500    -0.05050000
435    -0.83337500    -0.10100000
436    -0.83337500    -0.15150000
437    -0.83337500    -0.20200000
438    -0.83337500    -0.25250000
439    -0.83337500    -0.30300000
440    -0.83375000     0.30300000
441    -0.83375000     0.25250000
442    -0.83375000     0.20200000
443    -0.83375000     0.15150000
444    -0.83375000     0.10100000
445    -0.83375000     0.05050000
446    -0.83375000    -0.00000000
447    -0.83375000    -0.05050000
448    -0.83375000    -0.10100000
449    -0.83375000    -0.15150000
450    -0.83375000    -0.20200000
451    -0.83375000    -0.25250000
452    -0.83375000    -0.30300000
453    -0.83450000     0.30300000
454    -0.83450000     0.25250000
455    -0.83450000     0.20200000
456    -0.83450000     0.15150000
457    -0.83450000     0.10100000
458    -0.83450000     0.05050000
459    -0.83450000    -0.00000000
460    -0.83450000    -0.05050000
461    -0.83450000    -0.10100000
462    -0.83450000    -0.15150000
463    -0.83450000    -0.20200000
464    -0.83450000    -0.25250000
465    -0.83450000    -0.30300000
466    -0.83412500     0.30300000
467    -0.83412500     0.25250000
468    -0.83412500     0.20200000
469    -0.83412500     0.15150000
470    -0.83412500     0.10100000
471    -0.83412500     0.05050000
472    -0.83412500    -0.00000000
473    -0.83412500    -0.05050000
474    -0.83412500    -0.10100000
475    -0.83412500    -0.15150000
476    -0.83412500    -0.20200000
477    -0.83412500    -0.25250000
478    -0.83412500    -0.30300000
479    -0.83487500     0.30300000
480    -0.83487500     0.25250000
481    -0.83487500     0.20200000
482    -0.83487500     0.15150000
483    -0.83487500     0.10100000
484    -0.83487500     0.05050000
485    -0.83487500    -0.00000000
486    -0.83487500    -0.05050000
487    -0.83487500    -0.10100000
488    -0.83487500    -0.15150000
489    -0.83487500    -0.20200000
490    -0.83487500    -0.25250000
491    -0.83487500    -0.30300000
492    -0.83562500     0.30300000
493    -0.83562500     0.25250000
494    -0.83562500     0.20200000
495    -0.83562500     0.15150000
496    -0.83562500     0.10100000
497    -0.83562500     0.05050000
498    -0.83562500    -0.00000000
499    -0.83562500    -0.05050000
500    -0.83562500    -0.10100000
501    -0.83562500    -0.15150000
502    -0.83562500    -0.20200000
503    -0.83562500    -0.25250000
504    -0.83562500    -0.30300000
505    -0.83525000     0.30300000
506    -0.83525000     0.25250000
507    -0.83525000     0.20200000
508    -0.83525000     0.15150000
509    -0.83525000     0.10100000
510    -0.83525000     0.05050000
511    -0.83525000    -0.00000000
512    -0.83525000    -0.05050000
513    -0.83525000    -0.10100000
514    -0.83525000    -0.15150000
515    -0.83525000    -0.20200000
516    -0.83525000    -0.25250000
517    -0.83525000    -0.30300000
518    -0.83600000    -0.30300000
519    -0.83600000    -0.25250000
520    -0.83600000    -0.20200000
521    -0.83600000    -0.15150000
522    -0.83600000    -0.10100000
523    -0.83600000    -0.05050000
524    -0.83600000    -0.00000000
525    -0.83600000     0.05050000
526    -0.83600000     0.10100000
527    -0.83600000     0.15150000
528    -0.83600000     0.20200000
529    -0.83600000     0.25250000
530    -0.83600000     0.30300000
531     0.75000000     0.30300000
532     0.75000000     0.25250000
533     0.75000000     0.20200000
534     0.75000000     0.15150000
535     0.75000000     0.10100000
536     0.75000000     0.05050000
537     0.75000000    -0.00000000
538     0.75000000    -0.05050000
539     0.75000000    -0.10100000
540     0.75000000    -0.15150000
541     0.75000000    -0.20200000
542     0.75000000    -0.25250000
543     0.75000000    -0.30300000
544    -0.75000000     0.30300000
545    -0.75000000     0.25250000
546    -0.75000000     0.20200000
547    -0.75000000     0.15150000
548    -0.75000000     0.10100000
549    -0.75000000     0.05050000
550    -0.75000000    -0.00000000
551    -0.75000000    -0.05050000
552    -0.75000000    -0.10100000
553    -0.75000000    -0.15150000
554    -0.75000000    -0.20200000
555    -0.75000000    -0.25250000
556    -0.75000000    -0.30300000
557    -0.50000000     0.35350000
558    -0.25000000     0.35350000
559     0.00000000     0.35350000
560     0.25000000     0.35350000
561     0.50000000     0.35350000
562    -0.50000000     0.33650000
563    -0.25000000     0.33650000
564     0.00000000     0.33650000
565     0.25000000     0.33650000
566     0.50000000     0.33650000
567    -0.50000000     0.34500000
568    -0.25000000     0.34500000
569     0.00000000     0.34500000
570     0.25000000     0.34500000
571     0.50000000     0.34500000
572    -0.50000000    -0.35350000
573    -0.25000000    -0.35350000
574     0.00000000    -0.35350000
575     0.25000000    -0.35350000
576     0.50000000    -0.35350000
577    -0.50000000    -0.34500000
578    -0.25000000    -0.34500000
579     0.00000000    -0.34500000
580     0.25000000    -0.34500000
581     0.50000000    -0.34500000
582    -0.50000000    -0.33650000
583    -0.25000000    -0.33650000
584     0.00000000    -0.33650000
585     0.25000000    -0.33650000
586     0.50000000    -0.33650000
587    -0.80633333     0.30300000
588    -0.77966667     0.30300000
589    -0.80633333     0.25250000
590    -0.77966667     0.25250000
591    -0.80633333     0.20200000
592    -0.77966667     0.20200000
593    -0.80633333     0.15150000
594    -0.77966667     0.15150000
595    -0.80633333     0.10100000
596    -0.77966667     0.10100000
597    -0.80633333     0.05050000
598    -0.77966667     0.05050000
599    -0.80633333    -0.00000000
600    -0.77966667    -0.00000000
601    -0.80633333    -0.05050000
602    -0.77966667    -0.05050000
603    -0.80633333    -0.10100000
604    -0.77966667    -0.10100000
605    -0.80633333    -0.15150000
606    -0.77966667    -0.15150000
607    -0.80633333    -0.20200000
608    -0.77966667    -0.20200000
609    -0.80633333    -0.25250000
610    -0.77966667    -0.25250000
611    -0.80633333    -0.30300000
612    -0.77966667    -0.30300000
613     0.77966667     0.30300000
614     0.80633333     0.30300000
615     0.77966667     0.25250000
616     0.80633333     0.25250000
617     0.77966667     0.20200000
618     0.80633333     0.20200000
619     0.77966667     0.15150000
620     0.80633333     0.15150000
621     0.77966667     0.10100000
622     0.80633333     0.10100000
623     0.77966667     0.05050000
624     0.80633333     0.05050000
625     0.77966667    -0.00000000
626     0.80633333    -0.00000000
627     0.77966667    -0.05050000
628     0.80633333    -0.05050000
629     0.77966667    -0.10100000
630     0.80633333    -0.10100000
631     0.77966667    -0.15150000
632     0.80633333    -0.15150000
633     0.77966667    -0.20200000
634     0.80633333    -0.20200000
635     0.77966667    -0.25250000
636     0.80633333    -0.25250000
637     0.77966667    -0.30300000
638     0.80633333    -0.30300000

  1     98  587   81    1    0    0    0    0    0
  2    587  588   82   81    0    0    0    0    0
  3    588   83    2   82    0    0    0    0    0
  4     99  589  587   98    0    0    0    0    0
  5    589  590  588  587    0    0    0    0    0
  6    590   84   83  588    0    0    0    0    0
  7    100  591  589   99    0    0    0    0    0
  8    591  592  590  589    0    0    0    0    0
  9    592   85   84  590    0    0    0    0    0
 10    101  593  591  100    0    0    0    0    0
 11    593  594  592  591    0    0    0    0    0
 12    594   86   85  592    0    0    0    0    0
 13    102  595  593  101    0    0    0    0    0
 14    595  596  594  593    0    0    0    0    0
 15    596   87   86  594    0    0    0    0    0
 16    103  597  595  102    0    0    0    0    0
 17    597  598  596  595    0    0    0    0    0
 18    598   88   87  596    0    0    0    0    0
 19    104  599  597  103    0    0    0    0    0
 20    599  600  598  597    0    0    0    0    0
 21    600   89   88  598    0    0    0    0    0
 22    105  601  599  104    0    0    0    0    0
 23    601  602  600  599    0    0    0    0    0
 24    602   90   89  600    0    0    0    0    0
 25    106  603  601  105    0    0    0    0    0
 26    603  604  602  601    0    0    0    0    0
 27    604   91   90  602    0    0    0    0    0
 28    107  605  603  106    0    0    0    0    0
 29    605  606  604  603    0    0    0    0    0
 30    606   92   91  604    0    0    0    0    0
 31    108  607  605  107    0    0    0    0    0
 32    607  608  606  605    0    0    0    0    0
 33    608   93   92  606    0    0    0    0    0
 34    109  609  607  108    0    0    0    0    0
 35    609  610  608  607    0    0    0    0    0
 36    610   94   93  608    0    0    0    0    0
 37    110  611  609  109    0    0    0    0    0
 38    611  612  610  609    0    0    0    0    0
 39    612   95   94  610    0    0    0    0    0
 40      4   97  611  110    0    0    0    0    0
 41     97   96  612  611    0    0    0    0    0
 42     96    3   95  612    0    0    0    0    0
 43     83  111    5    2    0    0    0    0    0
 44     84  112  111   83    0    0    0    0    0
 45     85  113  112   84    0    0    0    0    0
 46     86  114  113   85    0    0    0    0    0
 47     87  115  114   86    0    0    0    0    0
 48     88  116  115   87    0    0    0    0    0
 49     89  117  116   88    0    0    0    0    0
 50     90  118  117   89    0    0    0    0    0
 51     91  119  118   90    0    0    0    0    0
 52     92  120  119   91    0    0    0    0    0
 53     93  121  120   92    0    0    0    0    0
 54     94  122  121   93    0    0    0    0    0
 55     95  123  122   94    0    0    0    0    0
 56      3    6  123   95    0    0    0    0    0
 57    111  124    7    5    0    0    0    0    0
 58    112  125  124  111    0    0    0    0    0
 59    113  126  125  112    0    0    0    0    0
 60    114  127  126  113    0    0    0    0    0
 61    115  128  127  114    0    0    0    0    0
 62    116  129  128  115    0    0    0    0    0
 63    117  130  129  116    0    0    0    0    0
 64    118  131  130  117    0    0    0    0    0
 65    119  132  131  118    0    0    0    0    0
 66    120  133  132  119    0    0    0    0    0
 67    121  134  133  120    0    0    0    0    0
 68    122  135  134  121    0    0    0    0    0
 69    123  136  135  122    0    0    0    0    0
 70      6    8  136  123    0    0    0    0    0
 71    124  137    9    7    0    0    0    0    0
 72    125  138  137  124    0    0    0    0    0
 73    126  139  138  125    0    0    0    0    0
 74    127  140  139  126    0    0    0    0    0
 75    128  141  140  127    0    0    0    0    0
 76    129  142  141  128    0    0    0    0    0
 77    130  143  142  129    0    0    0    0    0
 78    131  144  143  130    0    0    0    0    0
 79    132  145  144  131    0    0    0    0    0
 80    133  146  145  132    0    0    0    0    0
 81    134  147  146  133    0    0    0    0    0
 82    135  148  147  134    0    0    0    0    0
 83    136  149  148  135    0    0    0    0    0
 84      8   10  149  136    0    0    0    0    0
 85    137  150   11    9    0    0    0    0    0
 86    138  151  150  137    0    0    0    0    0
 87    139  152  151  138    0    0    0    0    0
 88    140  153  152  139    0    0    0    0    0
 89    141  154  153  140    0    0    0    0    0
 90    142  155  154  141    0    0    0    0    0
 91    143  156  155  142    0    0    0    0    0
 92    144  157  156  143    0    0    0    0    0
 93    145  158  157  144    0    0    0    0    0
 94    146  159  158  145    0    0    0    0    0
 95    147  160  159  146    0    0    0    0    0
 96    148  161  160  147    0    0    0    0    0
 97    149  162  161  148    0    0    0    0    0
 98     10   12  162  149    0    0    0    0    0
 99    150  163   13   11    0    0    0    0    0
100    151  164  163  150    0    0    0    0    0
101    152  165  164  151    0    0    0    0    0
102    153  166  165  152    0    0    0    0    0
103    154  167  166  153    0    0    0    0    0
104    155  168  167  154    0    0    0    0    0
105    156  169  168  155    0    0    0    0    0
106    157  170  169  156    0    0    0    0    0
107    158  171  170  157    0    0    0    0    0
108    159  172  171  158    0    0    0    0    0
109    160  173  172  159    0    0    0    0    0
110    161  174  173  160    0    0    0    0    0
111    162  175  174  161    0    0    0    0    0
112     12   14  175  162    0    0    0    0    0
113    163  176   15   13    0    0    0    0    0
114    164  177  176  163    0    0    0    0    0
115    165  178  177  164    0    0    0    0    0
116    166  179  178  165    0    0    0    0    0
117    167  180  179  166    0    0    0    0    0
118    168  181  180  167    0    0    0    0    0
119    169  182  181  168    0    0    0    0    0
120    170  183  182  169    0    0    0    0    0
121    171  184  183  170    0    0    0    0    0
122    172  185  184  171    0    0    0    0    0
123    173  186  185  172    0    0    0    0    0
124    174  187  186  173    0    0    0    0    0
125    175  188  187  174    0    0    0    0    0
126     14   16  188  175    0    0    0    0    0
127    176  189   17   15    0    0    0    0    0
128    177  190  189  176    0    0    0    0    0
129    178  191  190  177    0    0    0    0    0
130    179  192  191  178    0    0    0    0    0
131    180  193  192  179    0    0    0    0    0
132    181  194  193  180    0    0    0    0    0
133    182  195  194  181    0    0    0    0    0
134    183  196  195  182    0    0    0    0    0
135    184  197  196  183    0    0    0    0    0
136    185  198  197  184    0    0    0    0    0
137    186  199  198  185    0    0    0    0    0
138    187  200  199  186    0    0    0    0    0
139    188  201  200  187    0    0    0    0    0
140     16   18  201  188    0    0    0    0    0
141    566   74   76  571    0    0    0    0    0
142    565  566  571  570    0    0    0    0    0
143    564  565  570  569    0    0    0    0    0
144    563  564  569  568    0    0    0    0    0
145    562  563  568  567    0    0    0    0    0
146     73  562  567   75    0    0    0    0    0
147    571   76   72  561    0    0    0    0    0
148    570  571  561  560    0    0    0    0    0
149    569  570  560  559    0    0    0    0    0
150    568  569  559  558    0    0    0    0    0
151    567  568  558  557    0    0    0    0    0
152     75  567  557   71    0    0    0    0    0
153    215  202   20   19    0    0    0    0    0
154    216  203  202  215    0    0    0    0    0
155    217  204  203  216    0    0    0    0    0
156    218  205  204  217    0    0    0    0    0
157    219  206  205  218    0    0    0    0    0
158    220  207  206  219    0    0    0    0    0
159    221  208  207  220    0    0    0    0    0
160    222  209  208  221    0    0    0    0    0
161    223  210  209  222    0    0    0    0    0
162    224  211  210  223    0    0    0    0    0
163    225  212  211  224    0    0    0    0    0
164    226  213  212  225    0    0    0    0    0
165    227  214  213  226    0    0    0    0    0
166     22   21  214  227    0    0    0    0    0
167    202  228   23   20    0    0    0    0    0
168    203  229  228  202    0    0    0    0    0
169    204  230  229  203    0    0    0    0    0
170    205  231  230  204    0    0    0    0    0
171    206  232  231  205    0    0    0    0    0
172    207  233  232  206    0    0    0    0    0
173    208  234  233  207    0    0    0    0    0
174    209  235  234  208    0    0    0    0    0
175    210  236  235  209    0    0    0    0    0
176    211  237  236  210    0    0    0    0    0
177    212  238  237  211    0    0    0    0    0
178    213  239  238  212    0    0    0    0    0
179    214  240  239  213    0    0    0    0    0
180     21   24  240  214    0    0    0    0    0
181    228  241   25   23    0    0    0    0    0
182    229  242  241  228    0    0    0    0    0
183    230  243  242  229    0    0    0    0    0
184    231  244  243  230    0    0    0    0    0
185    232  245  244  231    0    0    0    0    0
186    233  246  245  232    0    0    0    0    0
187    234  247  246  233    0    0    0    0    0
188    235  248  247  234    0    0    0    0    0
189    236  249  248  235    0    0    0    0    0
190    237  250  249  236    0    0    0    0    0
191    238  251  250  237    0    0    0    0    0
192    239  252  251  238    0    0    0    0    0
193    240  253  252  239    0    0    0    0    0
194     24   26  253  240    0    0    0    0    0
195    241  254   27   25    0    0    0    0    0
196    242  255  254  241    0    0    0    0    0
197    243  256  255  242    0    0    0    0    0
198    244  257  256  243    0    0    0    0    0
199    245  258  257  244    0    0    0    0    0
200    246  259  258  245    0    0    0    0    0
201    247  260  259  246    0    0    0    0    0
202    248  261  260  247    0    0    0    0    0
203    249  262  261  248    0    0    0    0    0
204    250  263  262  249    0    0    0    0    0
205    251  264  263  250    0    0    0    0    0
206    252  265  264  251    0    0    0    0    0
207    253  266  265  252    0    0    0    0    0
208     26   28  266  253    0    0    0    0    0
209    254  267   29   27    0    0    0    0    0
210    255  268  267  254    0    0    0    0    0
211    256  269  268  255    0    0    0    0    0
212    257  270  269  256    0    0    0    0    0
213    258  271  270  257    0    0    0    0    0
214    259  272  271  258    0    0    0    0    0
215    260  273  272  259    0    0    0    0    0
216    261  274  273  260    0    0    0    0    0
217    262  275  274  261    0    0    0    0    0
218    263  276  275  262    0    0    0    0    0
219    264  277  276  263    0    0    0    0    0
220    265  278  277  264    0    0    0    0    0
221    266  279  278  265    0    0    0    0    0
222     28   30  279  266    0    0    0    0    0
223    267  280   31   29    0    0    0    0    0
224    268  281  280  267    0    0    0    0    0
225    269  282  281  268    0    0    0    0    0
226    270  283  282  269    0    0    0    0    0
227    271  284  283  270    0    0    0    0    0
228    272  285  284  271    0    0    0    0    0
229    273  286  285  272    0    0    0    0    0
230    274  287  286  273    0    0    0    0    0
231    275  288  287  274    0    0    0    0    0
232    276  289  288  275    0    0    0    0    0
233    277  290  289  276    0    0    0    0    0
234    278  291  290  277    0    0    0    0    0
235    279  292  291  278    0    0    0    0    0
236     30   32  292  279    0    0    0    0    0
237    280  293   33   31    0    0    0    0    0
238    281  294  293  280    0    0    0    0    0
239    282  295  294  281    0    0    0    0    0
240    283  296  295  282    0    0    0    0    0
241    284  297  296  283    0    0    0    0    0
242    285  298  297  284    0    0    0    0    0
243    286  299  298  285    0    0    0    0    0
244    287  300  299  286    0    0    0    0    0
245    288  301  300  287    0    0    0    0    0
246    289  302  301  288    0    0    0    0    0
247    290  303  302  289    0    0    0    0    0
248    291  304  303  290    0    0    0    0    0
249    292  305  304  291    0    0    0    0    0
250     32   34  305  292    0    0    0    0    0
251    293  613  306   33    0    0    0    0    0
252    613  614  307  306    0    0    0    0    0
253    614  308   35  307    0    0    0    0    0
254    294  615  613  293    0    0    0    0    0
255    615  616  614  613    0    0    0    0    0
256    616  309  308  614    0    0    0    0    0
257    295  617  615  294    0    0    0    0    0
258    617  618  616  615    0    0    0    0    0
259    618  310  309  616    0    0    0    0    0
260    296  619  617  295    0    0    0    0    0
261    619  620  618  617    0    0    0    0    0
262    620  311  310  618    0    0    0    0    0
263    297  621  619  296    0    0    0    0    0
264    621  622  620  619    0    0    0    0    0
265    622  312  311  620    0    0    0    0    0
266    298  623  621  297    0    0    0    0    0
267    623  624  622  621    0    0    0    0    0
268    624  313  312  622    0    0    0    0    0
269    299  625  623  298    0    0    0    0    0
270    625  626  624  623    0    0    0    0    0
271    626  314  313  624    0    0    0    0    0
272    300  627  625  299    0    0    0    0    0
273    627  628  626  625    0    0    0    0    0
274    628  315  314  626    0    0    0    0    0
275    301  629  627  300    0    0    0    0    0
276    629  630  628  627    0    0    0    0    0
277    630  316  315  628    0    0    0    0    0
278    302  631  629  301    0    0    0    0    0
279    631  632  630  629    0    0    0    0    0
280    632  317  316  630    0    0    0    0    0
281    303  633  631  302    0    0    0    0    0
282    633  634  632  631    0    0    0    0    0
283    634  318  317  632    0    0    0    0    0
284    304  635  633  303    0    0    0    0    0
285    635  636  634  633    0    0    0    0    0
286    636  319  318  634    0    0    0    0    0
287    305  637  635  304    0    0    0    0    0
288    637  638  636  635    0    0    0    0    0
289    638  320  319  636    0    0    0    0    0
290     34  321  637  305    0    0    0    0    0
291    321  322  638  637    0    0    0    0    0
292    322   36  320  638    0    0    0    0    0
293    308  323   37   35    0    0    0    0    0
294    309  324  323  308    0    0    0    0    0
295    310  325  324  309    0    0    0    0    0
296    311  326  325  310    0    0    0    0    0
297    312  327  326  311    0    0    0    0    0
298    313  328  327  312    0    0    0    0    0
299    314  329  328  313    0    0    0    0    0
300    315  330  329  314    0    0    0    0    0
301    316  331  330  315    0    0    0    0    0
302    317  332  331  316    0    0    0    0    0
303    318  333  332  317    0    0    0    0    0
304    319  334  333  318    0    0    0    0    0
305    320  335  334  319    0    0    0    0    0
306     36   38  335  320    0    0    0    0    0
307    323  336   39   37    0    0    0    0    0
308    324  337  336  323    0    0    0    0    0
309    325  338  337  324    0    0    0    0    0
310    326  339  338  325    0    0    0    0    0
311    327  340  339  326    0    0    0    0    0
312    328  341  340  327    0    0    0    0    0
313    329  342  341  328    0    0    0    0    0
314    330  343  342  329    0    0    0    0    0
315    331  344  343  330    0    0    0    0    0
316    332  345  344  331    0    0    0    0    0
317    333  346  345  332    0    0    0    0    0
318    334  347  346  333    0    0    0    0    0
319    335  348  347  334    0    0    0    0    0
320     38   40  348  335    0    0    0    0    0
321    336  349   41   39    0    0    0    0    0
322    337  350  349  336    0    0    0    0    0
323    338  351  350  337    0    0    0    0    0
324    339  352  351  338    0    0    0    0    0
325    340  353  352  339    0    0    0    0    0
326    341  354  353  340    0    0    0    0    0
327    342  355  354  341    0    0    0    0    0
328    343  356  355  342    0    0    0    0    0
329    344  357  356  343    0    0    0    0    0
330    345  358  357  344    0    0    0    0    0
331    346  359  358  345    0    0    0    0    0
332    347  360  359  346    0    0    0    0    0
333    348  361  360  347    0    0    0    0    0
334     40   42  361  348    0    0    0    0    0
335    349  362   43   41    0    0    0    0    0
336    350  363  362  349    0    0    0    0    0
337    351  364  363  350    0    0    0    0    0
338    352  365  364  351    0    0    0    0    0
339    353  366  365  352    0    0    0    0    0
340    354  367  366  353    0    0    0    0    0
341    355  368  367  354    0    0    0    0    0
342    356  369  368  355    0    0    0    0    0
343    357  370  369  356    0    0    0    0    0
344    358  371  370  357    0    0    0    0    0
345    359  372  371  358    0    0    0    0    0
346    360  373  372  359    0    0    0    0    0
347    361  374  373  360    0    0    0    0    0
348     42   44  374  361    0    0    0    0    0
349    362  375   45   43    0    0    0    0    0
350    363  376  375  362    0    0    0    0    0
351    364  377  376  363    0    0    0    0    0
352    365  378  377  364    0    0    0    0    0
353    366  379  378  365    0    0    0    0    0
354    367  380  379  366    0    0    0    0    0
355    368  381  380  367    0    0    0    0    0
356    369  382  381  368    0    0    0    0    0
357    370  383  382  369    0    0    0    0    0
358    371  384  383  370    0    0    0    0    0
359    372  385  384  371    0    0    0    0    0
360    373  386  385  372    0    0    0    0    0
361    374  387  386  373    0    0    0    0    0
362     44   46  387  374    0    0    0    0    0
363    375  388   47   45    0    0    0    0    0
364    376  389  388  375    0    0    0    0    0
365    377  390  389  376    0    0    0    0    0
366    378  391  390  377    0    0    0    0    0
367    379  392  391  378    0    0    0    0    0
368    380  393  392  379    0    0    0    0    0
369    381  394  393  380    0    0    0    0    0
370    382  395  394  381    0    0    0    0    0
371    383  396  395  382    0    0    0    0    0
372    384  397  396  383    0    0    0    0    0
373    385  398  397  384    0    0    0    0    0
374    386  399  398  385    0    0    0    0    0
375    387  400  399  386    0    0    0    0    0
376     46   48  400  387    0    0    0    0    0
377    388  401   49   47    0    0    0    0    0
378    389  402  401  388    0    0    0    0    0
379    390  403  402  389    0    0    0    0    0
380    391  404  403  390    0    0    0    0    0
381    392  405  404  391    0    0    0    0    0
382    393  406  405  392    0    0    0    0    0
383    394  407  406  393    0    0    0    0    0
384    395  408  407  394    0    0    0    0    0
385    396  409  408  395    0    0    0    0    0
386    397  410  409  396    0    0    0    0    0
387    398  411  410  397    0    0    0    0    0
388    399  412  411  398    0    0    0    0    0
389    400  413  412  399    0    0    0    0    0
390     48   50  413  400    0    0    0    0    0
391    401  414   51   49    0    0    0    0    0
392    402  415  414  401    0    0    0    0    0
393    403  416  415  402    0    0    0    0    0
394    404  417  416  403    0    0    0    0    0
395    405  418  417  404    0    0    0    0    0
396    406  419  418  405    0    0    0    0    0
397    407  420  419  406    0    0    0    0    0
398    408  421  420  407    0    0    0    0    0
399    409  422  421  408    0    0    0    0    0
400    410  423  422  409    0    0    0    0    0
401    411  424  423  410    0    0    0    0    0
402    412  425  424  411    0    0    0    0    0
403    413  426  425  412    0    0    0    0    0
404     50   52  426  413    0    0    0    0    0
405     53    4  110  439    0    0    0    0    0
406    439  110  109  438    0    0    0    0    0
407    438  109  108  437    0    0    0    0    0
408    437  108  107  436    0    0    0    0    0
409    436  107  106  435    0    0    0    0    0
410    435  106  105  434    0    0    0    0    0
411    434  105  104  433    0    0    0    0    0
412    433  104  103  432    0    0    0    0    0
413    432  103  102  431    0    0    0    0    0
414    431  102  101  430    0    0    0    0    0
415    430  101  100  429    0    0    0    0    0
416    429  100   99  428    0    0    0    0    0
417    428   99   98  427    0    0    0    0    0
418    427   98    1   54    0    0    0    0    0
419     55   53  439  452    0    0    0    0    0
420    452  439  438  451    0    0    0    0    0
421    451  438  437  450    0    0    0    0    0
422    450  437  436  449    0    0    0    0    0
423    449  436  435  448    0    0    0    0    0
424    448  435  434  447    0    0    0    0    0
425    447  434  433  446    0    0    0    0    0
426    446  433  432  445    0    0    0    0    0
427    445  432  431  444    0    0    0    0    0
428    444  431  430  443    0    0    0    0    0
429    443  430  429  442    0    0    0    0    0
430    442  429  428  441    0    0    0    0    0
431    441  428  427  440    0    0    0    0    0
432    440  427   54   56    0    0    0    0    0
433     58   57  478  465    0    0    0    0    0
434    465  478  477  464    0    0    0    0    0
435    464  477  476  463    0    0    0    0    0
436    463  476  475  462    0    0    0    0    0
437    462  475  474  461    0    0    0    0    0
438    461  474  473  460    0    0    0    0    0
439    460  473  472  459    0    0    0    0    0
440    459  472  471  458    0    0    0    0    0
441    458  471  470  457    0    0    0    0    0
442    457  470  469  456    0    0    0    0    0
443    456  469  468  455    0    0    0    0    0
444    455  468  467  454    0    0    0    0    0
445    454  467  466  453    0    0    0    0    0
446    453  466   60   59    0    0    0    0    0
447     61   58  465  491    0    0    0    0    0
448    491  465  464  490    0    0    0    0    0
449    490  464  463  489    0    0    0    0    0
450    489  463  462  488    0    0    0    0    0
451    488  462  461  487    0    0    0    0    0
452    487  461  460  486    0    0    0    0    0
453    486  460  459  485    0    0    0    0    0
454    485  459  458  484    0    0    0    0    0
455    484  458  457  483    0    0    0    0    0
456    483  457  456  482    0    0    0    0    0
457    482  456  455  481    0    0    0    0    0
458    481  455  454  480    0    0    0    0    0
459    480  454  453  479    0    0    0    0    0
460    479  453   59   62    0    0    0    0    0
461     64   63  517  504    0    0    0    0    0
462    504  517  516  503    0    0    0    0    0
463    503  516  515  502    0    0    0    0    0
464    502  515  514  501    0    0    0    0    0
465    501  514  513  500    0    0    0    0    0
466    500  513  512  499    0    0    0    0    0
467    499  512  511  498    0    0    0    0    0
468    498  511  510  497    0    0    0    0    0
469    497  510  509  496    0    0    0    0    0
470    496  509  508  495    0    0    0    0    0
471    495  508  507  494    0    0    0    0    0
472    494  507  506  493    0    0    0    0    0
473    493  506  505  492    0    0    0    0    0
474    492  505   66   65    0    0    0    0    0
475     67   64  504  518    0    0    0    0    0
476    518  504  503  519    0    0    0    0    0
477    519  503  502  520    0    0    0    0    0
478    520  502  501  521    0    0    0    0    0
479    521  501  500  522    0    0    0    0    0
480    522  500  499  523    0    0    0    0    0
481    523  499  498  524    0    0    0    0    0
482    524  498  497  525    0    0    0    0    0
483    525  497  496  526    0    0    0    0    0
484    526  496  495  527    0    0    0    0    0
485    527  495  494  528    0    0    0    0    0
486    528  494  493  529    0    0    0    0    0
487    529  493  492  530    0    0    0    0    0
488    530  492   65   68    0    0    0    0    0
489     57   55  452  478    0    0    0    0    0
490    478  452  451  477    0    0    0    0    0
491    477  451  450  476    0    0    0    0    0
492    476  450  449  475    0    0    0    0    0
493    475  449  448  474    0    0    0    0    0
494    474  448  447  473    0    0    0    0    0
495    473  447  446  472    0    0    0    0    0
496    472  446  445  471    0    0    0    0    0
497    471  445  444  470    0    0    0    0    0
498    470  444  443  469    0    0    0    0    0
499    469  443  442  468    0    0    0    0    0
500    468  442  441  467    0    0    0    0    0
501    467  441  440  466    0    0    0    0    0
502    466  440   56   60    0    0    0    0    0
503    505  479   62   66    0    0    0    0    0
504    506  480  479  505    0    0    0    0    0
505    507  481  480  506    0    0    0    0    0
506    508  482  481  507    0    0    0    0    0
507    509  483  482  508    0    0    0    0    0
508    510  484  483  509    0    0    0    0    0
509    511  485  484  510    0    0    0    0    0
510    512  486  485  511    0    0    0    0    0
511    513  487  486  512    0    0    0    0    0
512    514  488  487  513    0    0    0    0    0
513    515  489  488  514    0    0    0    0    0
514    516  490  489  515    0    0    0    0    0
515    517  491  490  516    0    0    0    0    0
516     63   61  491  517    0    0    0    0    0
517    531  215   19   72    0    0    0    0    0
518    532  216  215  531    0    0    0    0    0
519    533  217  216  532    0    0    0    0    0
520    534  218  217  533    0    0    0    0    0
521    535  219  218  534    0    0    0    0    0
522    536  220  219  535    0    0    0    0    0
523    537  221  220  536    0    0    0    0    0
524    538  222  221  537    0    0    0    0    0
525    539  223  222  538    0    0    0    0    0
526    540  224  223  539    0    0    0    0    0
527    541  225  224  540    0    0    0    0    0
528    542  226  225  541    0    0    0    0    0
529    543  227  226  542    0    0    0    0    0
530     69   22  227  543    0    0    0    0    0
531    189  544   71   17    0    0    0    0    0
532    190  545  544  189    0    0    0    0    0
533    191  546  545  190    0    0    0    0    0
534    192  547  546  191    0    0    0    0    0
535    193  548  547  192    0    0    0    0    0
536    194  549  548  193    0    0    0    0    0
537    195  550  549  194    0    0    0    0    0
538    196  551  550  195    0    0    0    0    0
539    197  552  551  196    0    0    0    0    0
540    198  553  552  197    0    0    0    0    0
541    199  554  553  198    0    0    0    0    0
542    200  555  554  199    0    0    0    0    0
543    201  556  555  200    0    0    0    0    0
544     18   70  556  201    0    0    0    0    0
545    576   69   78  581    0    0    0    0    0
546    575  576  581  580    0    0    0    0    0
547    574  575  580  579    0    0    0    0    0
548    573  574  579  578    0    0    0    0    0
549    572  573  578  577    0    0    0    0    0
550     70  572  577   77    0    0    0    0    0
551    581   78   80  586    0    0    0    0    0
552    580  581  586  585    0    0    0    0    0
553    579  580  585  584    0    0    0    0    0
554    578  579  584  583    0    0    0    0    0
555    577  578  583  582    0    0    0    0    0
556     77  577  582   79    0    0    0    0    0

  1   7   90.00
  2   7   90.00
  3   7   90.00
  4   7   90.00
  5   7   90.00
  6   7   90.00
  7   7   90.00
  8   7   90.00
  9   7   90.00
 10   7   90.00
 11   7   90.00
 12   7   90.00
 13   7   90.00
 14   7   90.00
 15   7   90.00
 16   7   90.00
 17   7   90.00
 18   7   90.00
 19   7   90.00
 20   7   90.00
 21   7   90.00
 22   7   90.00
 23   7   90.00
 24   7   90.00
 25   7   90.00
 26   7   90.00
 27   7   90.00
 28   7   90.00
 29   7   90.00
 30   7   90.00
 31   7   90.00
 32   7   90.00
 33   7   90.00
 34   7   90.00
 35   7   90.00
 36   7   90.00
 37   7   90.00
 38   7   90.00
 39   7   90.00
 40   7   90.00
 41   7   90.00
 42   7   90.00
 43   3   90.00
 44   3   90.00
 45   3   90.00
 46   3   90.00
 47   3   90.00
 48   3   90.00
 49   3   90.00
 50   3   90.00
 51   3   90.00
 52   3   90.00
 53   3   90.00
 54   3   90.00
 55   3   90.00
 56   3   90.00
 57   2   90.00
 58   2   90.00
 59   2   90.00
 60   2   90.00
 61   2   90.00
 62   2   90.00
 63   2   90.00
 64   2   90.00
 65   2   90.00
 66   2   90.00
 67   2   90.00
 68   2   90.00
 69   2   90.00
 70   2   90.00
 71   3   90.00
 72   3   90.00
 73   3   90.00
 74   3   90.00
 75   3   90.00
 76   3   90.00
 77   3   90.00
 78   3   90.00
 79   3   90.00
 80   3   90.00
 81   3   90.00
 82   3   90.00
 83   3   90.00
 84   3   90.00
 85   2   90.00
 86   2   90.00
 87   2   90.00
 88   2   90.00
 89   2   90.00
 90   2   90.00
 91   2   90.00
 92   2   90.00
 93   2   90.00
 94   2   90.00
 95   2   90.00
 96   2   90.00
 97   2   90.00
 98   2   90.00
 99   3   90.00
100   3   90.00
101   3   90.00
102   3   90.00
103   3   90.00
104   3   90.00
105   3   90.00
106   3   90.00
107   3   90.00
108   3   90.00
109   3   90.00
110   3   90.00
111   3   90.00
112   3   90.00
113   2   90.00
114   2   90.00
115   2   90.00
116   2   90.00
117   2   90.00
118   2   90.00
119   2   90.00
120   2   90.00
121   2   90.00
122   2   90.00
123   2   90.00
124   2   90.00
125   2   90.00
126   2   90.00
127   3   90.00
128   3   90.00
129   3   90.00
130   3   90.00
131   3   90.00
132   3   90.00
133   3   90.00
134   3   90.00
135   3   90.00
136   3   90.00
137   3   90.00
138   3   90.00
139   3   90.00
140   3   90.00
141   1    0.00
142   1    0.00
143   1    0.00
144   1    0.00
145   1    0.00
146   1    0.00
147   1    0.00
148   1    0.00
149   1    0.00
150   1    0.00
151   1    0.00
152   1    0.00
153   3  270.00
154   3  270.00
155   3  270.00
156   3  270.00
157   3  270.00
158   3  270.00
159   3  270.00
160   3  270.00
161   3  270.00
162   3  270.00
163   3  270.00
164   3  270.00
165   3  270.00
166   3  270.00
167   2  270.00
168   2  270.00
169   2  270.00
170   2  270.00
171   2  270.00
172   2  270.00
173   2  270.00
174   2  270.00
175   2  270.00
176   2  270.00
177   2  270.00
178   2  270.00
179   2  270.00
180   2  270.00
181   3  270.00
182   3  270.00
183   3  270.00
184   3  270.00
185   3  270.00
186   3  270.00
187   3  270.00
188   3  270.00
189   3  270.00
190   3  270.00
191   3  270.00
192   3  270.00
193   3  270.00
194   3  270.00
195   2  270.00
196   2  270.00
197   2  270.00
198   2  270.00
199   2  270.00
200   2  270.00
201   2  270.00
202   2  270.00
203   2  270.00
204   2  270.00
205   2  270.00
206   2  270.00
207   2  270.00
208   2  270.00
209   3  270.00
210   3  270.00
211   3  270.00
212   3  270.00
213   3  270.00
214   3  270.00
215   3  270.00
216   3  270.00
217   3  270.00
218   3  270.00
219   3  270.00
220   3  270.00
221   3  270.00
222   3  270.00
223   2  270.00
224   2  270.00
225   2  270.00
226   2  270.00
227   2  270.00
228   2  270.00
229   2  270.00
230   2  270.00
231   2  270.00
232   2  270.00
233   2  270.00
234   2  270.00
235   2  270.00
236   2  270.00
237   3  270.00
238   3  270.00
239   3  270.00
240   3  270.00
241   3  270.00
242   3  270.00
243   3  270.00
244   3  270.00
245   3  270.00
246   3  270.00
247   3  270.00
248   3  270.00
249   3  270.00
250   3  270.00
251   7  270.00
252   7  270.00
253   7  270.00
254   7  270.00
255   7  270.00
256   7  270.00
257   7  270.00
258   7  270.00
259   7  270.00
260   7  270.00
261   7  270.00
262   7  270.00
263   7  270.00
264   7  270.00
265   7  270.00
266   7  270.00
267   7  270.00
268   7  270.00
269   7  270.00
270   7  270.00
271   7  270.00
272   7  270.00
273   7  270.00
274   7  270.00
275   7  270.00
276   7  270.00
277   7  270.00
278   7  270.00
279   7  270.00
280   7  270.00
281   7  270.00
282   7  270.00
283   7  270.00
284   7  270.00
285   7  270.00
286   7  270.00
287   7  270.00
288   7  270.00
289   7  270.00
290   7  270.00
291   7  270.00
292   7  270.00
293   2  270.00
294   2  270.00
295   2  270.00
296   2  270.00
297   2  270.00
298   2  270.00
299   2  270.00
300   2  270.00
301   2  270.00
302   2  270.00
303   2  270.00
304   2  270.00
305   2  270.00
306   2  270.00
307   3  270.00
308   3  270.00
309   3  270.00
310   3  270.00
311   3  270.00
312   3  270.00
313   3  270.00
314   3  270.00
315   3  270.00
316   3  270.00
317   3  270.00
318   3  270.00
319   3  270.00
320   3  270.00
321   2  270.00
322   2  270.00
323   2  270.00
324   2  270.00
325   2  270.00
326   2  270.00
327   2  270.00
328   2  270.00
329   2  270.00
330   2  270.00
331   2  270.00
332   2  270.00
333   2  270.00
334   2  270.00
335   3  270.00
336   3  270.00
337   3  270.00
338   3  270.00
339   3  270.00
340   3  270.00
341   3  270.00
342   3  270.00
343   3  270.00
344   3  270.00
345   3  270.00
346   3  270.00
347   3  270.00
348   3  270.00
349   2  270.00
350   2  270.00
351   2  270.00
352   2  270.00
353   2  270.00
354   2  270.00
355   2  270.00
356   2  270.00
357   2  270.00
358   2  270.00
359   2  270.00
360   2  270.00
361   2  270.00
362   2  270.00
363   3  270.00
364   3  270.00
365   3  270.00
366   3  270.00
367   3  270.00
368   3  270.00
369   3  270.00
370   3  270.00
371   3  270.00
372   3  270.00
373   3  270.00
374   3  270.00
375   3  270.00
376   3  270.00
377   2  270.00
378   2  270.00
379   2  270.00
380   2  270.00
381   2  270.00
382   2  270.00
383   2  270.00
384   2  270.00
385   2  270.00
386   2  270.00
387   2  270.00
388   2  270.00
389   2  270.00
390   2  270.00
391   3  270.00
392   3  270.00
393   3  270.00
394   3  270.00
395   3  270.00
396   3  270.00
397   3  270.00
398   3  270.00
399   3  270.00
400   3  270.00
401   3  270.00
402   3  270.00
403   3  270.00
404   3  270.00
405   2   90.00
406   2   90.00
407   2   90.00
408   2   90.00
409   2   90.00
410   2   90.00
411   2   90.00
412   2   90.00
413   2   90.00
414   2   90.00
415   2   90.00
416   2   90.00
417   2   90.00
418   2   90.00
419   3   90.00
420   3   90.00
421   3   90.00
422   3   90.00
423   3   90.00
424   3   90.00
425   3   90.00
426   3   90.00
427   3   90.00
428   3   90.00
429   3   90.00
430   3   90.00
431   3   90.00
432   3   90.00
433   3   90.00
434   3   90.00
435   3   90.00
436   3   90.00
437   3   90.00
438   3   90.00
439   3   90.00
440   3   90.00
441   3   90.00
442   3   90.00
443   3   90.00
444   3   90.00
445   3   90.00
446   3   90.00
447   2   90.00
448   2   90.00
449   2   90.00
450   2   90.00
451   2   90.00
452   2   90.00
453   2   90.00
454   2   90.00
455   2   90.00
456   2   90.00
457   2   90.00
458   2   90.00
459   2   90.00
460   2   90.00
461   2   90.00
462   2   90.00
463   2   90.00
464   2   90.00
465   2   90.00
466   2   90.00
467   2   90.00
468   2   90.00
469   2   90.00
470   2   90.00
471   2   90.00
472   2   90.00
473   2   90.00
474   2   90.00
475   3   90.00
476   3   90.00
477   3   90.00
478   3   90.00
479   3   90.00
480   3   90.00
481   3   90.00
482   3   90.00
483   3   90.00
484   3   90.00
485   3   90.00
486   3   90.00
487   3   90.00
488   3   90.00
489   2   90.00
490   2   90.00
491   2   90.00
492   2   90.00
493   2   90.00
494   2   90.00
495   2   90.00
496   2   90.00
497   2   90.00
498   2   90.00
499   2   90.00
500   2   90.00
501   2   90.00
502   2   90.00
503   3   90.00
504   3   90.00
505   3   90.00
506   3   90.00
507   3   90.00
508   3   90.00
509   3   90.00
510   3   90.00
511   3   90.00
512   3   90.00
513   3   90.00
514   3   90.00
515   3   90.00
516   3   90.00
517   2  270.00
518   2  270.00
519   2  270.00
520   2  270.00
521   2  270.00
522   2  270.00
523   2  270.00
524   2  270.00
525   2  270.00
526   2  270.00
527   2  270.00
528   2  270.00
529   2  270.00
530   2  270.00
531   2   90.00
532   2   90.00
533   2   90.00
534   2   90.00
535   2   90.00
536   2   90.00
537   2   90.00
538   2   90.00
539   2   90.00
540   2   90.00
541   2   90.00
542   2   90.00
543   2   90.00
544   2   90.00
545   1  180.00
546   1  180.00
547   1  180.00
548   1  180.00
549   1  180.00
550   1  180.00
551   1  180.00
552   1  180.00
553   1  180.00
554   1  180.00
555   1  180.00
556   1  180.00

1    1     0.00
2    2    45.00
3    2   -45.00
4    3    45.00
5    3   -45.00
6    3     0.00
7    4     0.00

1   1   # E-LT-5500/EP-3
4.18000e+10   1.40000e+10   1.40000e+10
2.63000e+09   2.63000e+09   2.63000e+09
2.80000e-01   2.80000e-01   2.80000e-01
1.92000e+03

2   1   # Saertex/EP-3
1.36000e+10   1.33000e+10   1.33000e+10
1.18000e+10   1.18000e+10   1.18000e+10
5.10000e-01   5.10000e-01   5.10000e-01
1.78000e+03

3   1   # SNL Triax
2.77000e+10   1.36500e+10   1.36500e+10
7.20000e+09   7.20000e+09   7.20000e+09
3.90000e-01   3.90000e-01   3.90000e-01
1.85000e+03

4   0   # Foam
2.56000e+08   3.00000e-01
2.00000e+02

