1 7
1 0 0    # Timoshenko_flag  recover_flag  thermal_flag
1 0 0 0  # curve_flag  oblique_flag  trapeze_flag  Vlasov_flag
0.0 0.0 0.0

722 628 4   # nnode  nelem  nmate   (where: nnode = total number of nodes, nelem = total number of elements, nmate = total number of material types)

  1    -0.83300000     2.05050000
  2    -0.75300000     2.05050000
  3    -0.75300000    -2.05050000
  4    -0.83300000    -2.05050000
  5    -0.75262500     2.05050000
  6    -0.75262500    -2.05050000
  7    -0.75225000     2.05050000
  8    -0.75225000    -2.05050000
  9    -0.75187500     2.05050000
 10    -0.75187500    -2.05050000
 11    -0.75150000     2.05050000
 12    -0.75150000    -2.05050000
 13    -0.75112500     2.05050000
 14    -0.75112500    -2.05050000
 15    -0.75075000     2.05050000
 16    -0.75075000    -2.05050000
 17    -0.75037500     2.05050000
 18    -0.75037500    -2.05050000
 19     0.75037500     2.05050000
 20     0.75075000     2.05050000
 21     0.75075000    -2.05050000
 22     0.75037500    -2.05050000
 23     0.75112500     2.05050000
 24     0.75112500    -2.05050000
 25     0.75150000     2.05050000
 26     0.75150000    -2.05050000
 27     0.75187500     2.05050000
 28     0.75187500    -2.05050000
 29     0.75225000     2.05050000
 30     0.75225000    -2.05050000
 31     0.75262500     2.05050000
 32     0.75262500    -2.05050000
 33     0.75300000     2.05050000
 34     0.75300000    -2.05050000
 35     0.83300000     2.05050000
 36     0.83300000    -2.05050000
 37     0.83337500     2.05050000
 38     0.83337500    -2.05050000
 39     0.83375000     2.05050000
 40     0.83375000    -2.05050000
 41     0.83412500     2.05050000
 42     0.83412500    -2.05050000
 43     0.83450000     2.05050000
 44     0.83450000    -2.05050000
 45     0.83487500     2.05050000
 46     0.83487500    -2.05050000
 47     0.83525000     2.05050000
 48     0.83525000    -2.05050000
 49     0.83562500     2.05050000
 50     0.83562500    -2.05050000
 51     0.83600000     2.05050000
 52     0.83600000    -2.05050000
 53    -0.83337500    -2.05050000
 54    -0.83337500     2.05050000
 55    -0.83375000    -2.05050000
 56    -0.83375000     2.05050000
 57    -0.83412500    -2.05050000
 58    -0.83450000    -2.05050000
 59    -0.83450000     2.05050000
 60    -0.83412500     2.05050000
 61    -0.83487500    -2.05050000
 62    -0.83487500     2.05050000
 63    -0.83525000    -2.05050000
 64    -0.83562500    -2.05050000
 65    -0.83562500     2.05050000
 66    -0.83525000     2.05050000
 67    -0.83600000    -2.05050000
 68    -0.83600000     2.05050000
 69     0.75000000    -2.05050000
 70    -0.75000000    -2.05050000
 71    -0.75000000     2.05050000
 72     0.75000000     2.05050000
 73     0.75000000     2.04966667
 74    -0.75000000     2.04966667
 75     0.75000000     2.04883333
 76    -0.75000000     2.04883333
 77    -0.75000000     2.04800000
 78     0.75000000     2.04800000
 79    -0.75000000     2.04716667
 80     0.75000000     2.04716667
 81    -0.75000000     2.04633333
 82     0.75000000     2.04633333
 83    -0.75000000     2.04550000
 84     0.75000000     2.04550000
 85    -0.75000000     1.97750000
 86     0.75000000     1.97750000
 87    -0.75000000     2.01150000
 88     0.75000000     2.01150000
 89    -0.75000000    -2.04966667
 90     0.75000000    -2.04966667
 91    -0.75000000    -1.97750000
 92     0.75000000    -1.97750000
 93    -0.75000000    -2.01150000
 94     0.75000000    -2.01150000
 95    -0.75000000    -2.04550000
 96     0.75000000    -2.04550000
 97    -0.75000000    -2.04883333
 98     0.75000000    -2.04883333
 99    -0.75000000    -2.04800000
100     0.75000000    -2.04800000
101    -0.75000000    -2.04716667
102     0.75000000    -2.04716667
103    -0.75000000    -2.04633333
104     0.75000000    -2.04633333
105    -0.80633333     2.05050000
106    -0.77966667     2.05050000
107    -0.75300000     1.75757143
108    -0.75300000     1.46464286
109    -0.75300000     1.17171429
110    -0.75300000     0.87878571
111    -0.75300000     0.58585714
112    -0.75300000     0.29292857
113    -0.75300000    -0.00000000
114    -0.75300000    -0.29292857
115    -0.75300000    -0.58585714
116    -0.75300000    -0.87878571
117    -0.75300000    -1.17171429
118    -0.75300000    -1.46464286
119    -0.75300000    -1.75757143
120    -0.77966667    -2.05050000
121    -0.80633333    -2.05050000
122    -0.83300000     1.75757143
123    -0.83300000     1.46464286
124    -0.83300000     1.17171429
125    -0.83300000     0.87878571
126    -0.83300000     0.58585714
127    -0.83300000     0.29292857
128    -0.83300000    -0.00000000
129    -0.83300000    -0.29292857
130    -0.83300000    -0.58585714
131    -0.83300000    -0.87878571
132    -0.83300000    -1.17171429
133    -0.83300000    -1.46464286
134    -0.83300000    -1.75757143
135    -0.75262500     1.75757143
136    -0.75262500     1.46464286
137    -0.75262500     1.17171429
138    -0.75262500     0.87878571
139    -0.75262500     0.58585714
140    -0.75262500     0.29292857
141    -0.75262500    -0.00000000
142    -0.75262500    -0.29292857
143    -0.75262500    -0.58585714
144    -0.75262500    -0.87878571
145    -0.75262500    -1.17171429
146    -0.75262500    -1.46464286
147    -0.75262500    -1.75757143
148    -0.75225000     1.75757143
149    -0.75225000     1.46464286
150    -0.75225000     1.17171429
151    -0.75225000     0.87878571
152    -0.75225000     0.58585714
153    -0.75225000     0.29292857
154    -0.75225000    -0.00000000
155    -0.75225000    -0.29292857
156    -0.75225000    -0.58585714
157    -0.75225000    -0.87878571
158    -0.75225000    -1.17171429
159    -0.75225000    -1.46464286
160    -0.75225000    -1.75757143
161    -0.75187500     1.75757143
162    -0.75187500     1.46464286
163    -0.75187500     1.17171429
164    -0.75187500     0.87878571
165    -0.75187500     0.58585714
166    -0.75187500     0.29292857
167    -0.75187500    -0.00000000
168    -0.75187500    -0.29292857
169    -0.75187500    -0.58585714
170    -0.75187500    -0.87878571
171    -0.75187500    -1.17171429
172    -0.75187500    -1.46464286
173    -0.75187500    -1.75757143
174    -0.75150000     1.75757143
175    -0.75150000     1.46464286
176    -0.75150000     1.17171429
177    -0.75150000     0.87878571
178    -0.75150000     0.58585714
179    -0.75150000     0.29292857
180    -0.75150000    -0.00000000
181    -0.75150000    -0.29292857
182    -0.75150000    -0.58585714
183    -0.75150000    -0.87878571
184    -0.75150000    -1.17171429
185    -0.75150000    -1.46464286
186    -0.75150000    -1.75757143
187    -0.75112500     1.75757143
188    -0.75112500     1.46464286
189    -0.75112500     1.17171429
190    -0.75112500     0.87878571
191    -0.75112500     0.58585714
192    -0.75112500     0.29292857
193    -0.75112500    -0.00000000
194    -0.75112500    -0.29292857
195    -0.75112500    -0.58585714
196    -0.75112500    -0.87878571
197    -0.75112500    -1.17171429
198    -0.75112500    -1.46464286
199    -0.75112500    -1.75757143
200    -0.75075000     1.75757143
201    -0.75075000     1.46464286
202    -0.75075000     1.17171429
203    -0.75075000     0.87878571
204    -0.75075000     0.58585714
205    -0.75075000     0.29292857
206    -0.75075000    -0.00000000
207    -0.75075000    -0.29292857
208    -0.75075000    -0.58585714
209    -0.75075000    -0.87878571
210    -0.75075000    -1.17171429
211    -0.75075000    -1.46464286
212    -0.75075000    -1.75757143
213    -0.75037500     1.75757143
214    -0.75037500     1.46464286
215    -0.75037500     1.17171429
216    -0.75037500     0.87878571
217    -0.75037500     0.58585714
218    -0.75037500     0.29292857
219    -0.75037500    -0.00000000
220    -0.75037500    -0.29292857
221    -0.75037500    -0.58585714
222    -0.75037500    -0.87878571
223    -0.75037500    -1.17171429
224    -0.75037500    -1.46464286
225    -0.75037500    -1.75757143
226     0.75075000     1.75757143
227     0.75075000     1.46464286
228     0.75075000     1.17171429
229     0.75075000     0.87878571
230     0.75075000     0.58585714
231     0.75075000     0.29292857
232     0.75075000    -0.00000000
233     0.75075000    -0.29292857
234     0.75075000    -0.58585714
235     0.75075000    -0.87878571
236     0.75075000    -1.17171429
237     0.75075000    -1.46464286
238     0.75075000    -1.75757143
239     0.75037500     1.75757143
240     0.75037500     1.46464286
241     0.75037500     1.17171429
242     0.75037500     0.87878571
243     0.75037500     0.58585714
244     0.75037500     0.29292857
245     0.75037500    -0.00000000
246     0.75037500    -0.29292857
247     0.75037500    -0.58585714
248     0.75037500    -0.87878571
249     0.75037500    -1.17171429
250     0.75037500    -1.46464286
251     0.75037500    -1.75757143
252     0.75112500     1.75757143
253     0.75112500     1.46464286
254     0.75112500     1.17171429
255     0.75112500     0.87878571
256     0.75112500     0.58585714
257     0.75112500     0.29292857
258     0.75112500    -0.00000000
259     0.75112500    -0.29292857
260     0.75112500    -0.58585714
261     0.75112500    -0.87878571
262     0.75112500    -1.17171429
263     0.75112500    -1.46464286
264     0.75112500    -1.75757143
265     0.75150000     1.75757143
266     0.75150000     1.46464286
267     0.75150000     1.17171429
268     0.75150000     0.87878571
269     0.75150000     0.58585714
270     0.75150000     0.29292857
271     0.75150000    -0.00000000
272     0.75150000    -0.29292857
273     0.75150000    -0.58585714
274     0.75150000    -0.87878571
275     0.75150000    -1.17171429
276     0.75150000    -1.46464286
277     0.75150000    -1.75757143
278     0.75187500     1.75757143
279     0.75187500     1.46464286
280     0.75187500     1.17171429
281     0.75187500     0.87878571
282     0.75187500     0.58585714
283     0.75187500     0.29292857
284     0.75187500    -0.00000000
285     0.75187500    -0.29292857
286     0.75187500    -0.58585714
287     0.75187500    -0.87878571
288     0.75187500    -1.17171429
289     0.75187500    -1.46464286
290     0.75187500    -1.75757143
291     0.75225000     1.75757143
292     0.75225000     1.46464286
293     0.75225000     1.17171429
294     0.75225000     0.87878571
295     0.75225000     0.58585714
296     0.75225000     0.29292857
297     0.75225000    -0.00000000
298     0.75225000    -0.29292857
299     0.75225000    -0.58585714
300     0.75225000    -0.87878571
301     0.75225000    -1.17171429
302     0.75225000    -1.46464286
303     0.75225000    -1.75757143
304     0.75262500     1.75757143
305     0.75262500     1.46464286
306     0.75262500     1.17171429
307     0.75262500     0.87878571
308     0.75262500     0.58585714
309     0.75262500     0.29292857
310     0.75262500    -0.00000000
311     0.75262500    -0.29292857
312     0.75262500    -0.58585714
313     0.75262500    -0.87878571
314     0.75262500    -1.17171429
315     0.75262500    -1.46464286
316     0.75262500    -1.75757143
317     0.75300000     1.75757143
318     0.75300000     1.46464286
319     0.75300000     1.17171429
320     0.75300000     0.87878571
321     0.75300000     0.58585714
322     0.75300000     0.29292857
323     0.75300000    -0.00000000
324     0.75300000    -0.29292857
325     0.75300000    -0.58585714
326     0.75300000    -0.87878571
327     0.75300000    -1.17171429
328     0.75300000    -1.46464286
329     0.75300000    -1.75757143
330     0.77966667     2.05050000
331     0.80633333     2.05050000
332     0.83300000     1.75757143
333     0.83300000     1.46464286
334     0.83300000     1.17171429
335     0.83300000     0.87878571
336     0.83300000     0.58585714
337     0.83300000     0.29292857
338     0.83300000    -0.00000000
339     0.83300000    -0.29292857
340     0.83300000    -0.58585714
341     0.83300000    -0.87878571
342     0.83300000    -1.17171429
343     0.83300000    -1.46464286
344     0.83300000    -1.75757143
345     0.77966667    -2.05050000
346     0.80633333    -2.05050000
347     0.83337500     1.75757143
348     0.83337500     1.46464286
349     0.83337500     1.17171429
350     0.83337500     0.87878571
351     0.83337500     0.58585714
352     0.83337500     0.29292857
353     0.83337500    -0.00000000
354     0.83337500    -0.29292857
355     0.83337500    -0.58585714
356     0.83337500    -0.87878571
357     0.83337500    -1.17171429
358     0.83337500    -1.46464286
359     0.83337500    -1.75757143
360     0.83375000     1.75757143
361     0.83375000     1.46464286
362     0.83375000     1.17171429
363     0.83375000     0.87878571
364     0.83375000     0.58585714
365     0.83375000     0.29292857
366     0.83375000    -0.00000000
367     0.83375000    -0.29292857
368     0.83375000    -0.58585714
369     0.83375000    -0.87878571
370     0.83375000    -1.17171429
371     0.83375000    -1.46464286
372     0.83375000    -1.75757143
373     0.83412500     1.75757143
374     0.83412500     1.46464286
375     0.83412500     1.17171429
376     0.83412500     0.87878571
377     0.83412500     0.58585714
378     0.83412500     0.29292857
379     0.83412500    -0.00000000
380     0.83412500    -0.29292857
381     0.83412500    -0.58585714
382     0.83412500    -0.87878571
383     0.83412500    -1.17171429
384     0.83412500    -1.46464286
385     0.83412500    -1.75757143
386     0.83450000     1.75757143
387     0.83450000     1.46464286
388     0.83450000     1.17171429
389     0.83450000     0.87878571
390     0.83450000     0.58585714
391     0.83450000     0.29292857
392     0.83450000    -0.00000000
393     0.83450000    -0.29292857
394     0.83450000    -0.58585714
395     0.83450000    -0.87878571
396     0.83450000    -1.17171429
397     0.83450000    -1.46464286
398     0.83450000    -1.75757143
399     0.83487500     1.75757143
400     0.83487500     1.46464286
401     0.83487500     1.17171429
402     0.83487500     0.87878571
403     0.83487500     0.58585714
404     0.83487500     0.29292857
405     0.83487500    -0.00000000
406     0.83487500    -0.29292857
407     0.83487500    -0.58585714
408     0.83487500    -0.87878571
409     0.83487500    -1.17171429
410     0.83487500    -1.46464286
411     0.83487500    -1.75757143
412     0.83525000     1.75757143
413     0.83525000     1.46464286
414     0.83525000     1.17171429
415     0.83525000     0.87878571
416     0.83525000     0.58585714
417     0.83525000     0.29292857
418     0.83525000    -0.00000000
419     0.83525000    -0.29292857
420     0.83525000    -0.58585714
421     0.83525000    -0.87878571
422     0.83525000    -1.17171429
423     0.83525000    -1.46464286
424     0.83525000    -1.75757143
425     0.83562500     1.75757143
426     0.83562500     1.46464286
427     0.83562500     1.17171429
428     0.83562500     0.87878571
429     0.83562500     0.58585714
430     0.83562500     0.29292857
431     0.83562500    -0.00000000
432     0.83562500    -0.29292857
433     0.83562500    -0.58585714
434     0.83562500    -0.87878571
435     0.83562500    -1.17171429
436     0.83562500    -1.46464286
437     0.83562500    -1.75757143
438     0.83600000     1.75757143
439     0.83600000     1.46464286
440     0.83600000     1.17171429
441     0.83600000     0.87878571
442     0.83600000     0.58585714
443     0.83600000     0.29292857
444     0.83600000    -0.00000000
445     0.83600000    -0.29292857
446     0.83600000    -0.58585714
447     0.83600000    -0.87878571
448     0.83600000    -1.17171429
449     0.83600000    -1.46464286
450     0.83600000    -1.75757143
451    -0.83337500     1.75757143
452    -0.83337500     1.46464286
453    -0.83337500     1.17171429
454    -0.83337500     0.87878571
455    -0.83337500     0.58585714
456    -0.83337500     0.29292857
457    -0.83337500    -0.00000000
458    -0.83337500    -0.29292857
459    -0.83337500    -0.58585714
460    -0.83337500    -0.87878571
461    -0.83337500    -1.17171429
462    -0.83337500    -1.46464286
463    -0.83337500    -1.75757143
464    -0.83375000     1.75757143
465    -0.83375000     1.46464286
466    -0.83375000     1.17171429
467    -0.83375000     0.87878571
468    -0.83375000     0.58585714
469    -0.83375000     0.29292857
470    -0.83375000    -0.00000000
471    -0.83375000    -0.29292857
472    -0.83375000    -0.58585714
473    -0.83375000    -0.87878571
474    -0.83375000    -1.17171429
475    -0.83375000    -1.46464286
476    -0.83375000    -1.75757143
477    -0.83450000     1.75757143
478    -0.83450000     1.46464286
479    -0.83450000     1.17171429
480    -0.83450000     0.87878571
481    -0.83450000     0.58585714
482    -0.83450000     0.29292857
483    -0.83450000    -0.00000000
484    -0.83450000    -0.29292857
485    -0.83450000    -0.58585714
486    -0.83450000    -0.87878571
487    -0.83450000    -1.17171429
488    -0.83450000    -1.46464286
489    -0.83450000    -1.75757143
490    -0.83412500     1.75757143
491    -0.83412500     1.46464286
492    -0.83412500     1.17171429
493    -0.83412500     0.87878571
494    -0.83412500     0.58585714
495    -0.83412500     0.29292857
496    -0.83412500    -0.00000000
497    -0.83412500    -0.29292857
498    -0.83412500    -0.58585714
499    -0.83412500    -0.87878571
500    -0.83412500    -1.17171429
501    -0.83412500    -1.46464286
502    -0.83412500    -1.75757143
503    -0.83487500     1.75757143
504    -0.83487500     1.46464286
505    -0.83487500     1.17171429
506    -0.83487500     0.87878571
507    -0.83487500     0.58585714
508    -0.83487500     0.29292857
509    -0.83487500    -0.00000000
510    -0.83487500    -0.29292857
511    -0.83487500    -0.58585714
512    -0.83487500    -0.87878571
513    -0.83487500    -1.17171429
514    -0.83487500    -1.46464286
515    -0.83487500    -1.75757143
516    -0.83562500     1.75757143
517    -0.83562500     1.46464286
518    -0.83562500     1.17171429
519    -0.83562500     0.87878571
520    -0.83562500     0.58585714
521    -0.83562500     0.29292857
522    -0.83562500    -0.00000000
523    -0.83562500    -0.29292857
524    -0.83562500    -0.58585714
525    -0.83562500    -0.87878571
526    -0.83562500    -1.17171429
527    -0.83562500    -1.46464286
528    -0.83562500    -1.75757143
529    -0.83525000     1.75757143
530    -0.83525000     1.46464286
531    -0.83525000     1.17171429
532    -0.83525000     0.87878571
533    -0.83525000     0.58585714
534    -0.83525000     0.29292857
535    -0.83525000    -0.00000000
536    -0.83525000    -0.29292857
537    -0.83525000    -0.58585714
538    -0.83525000    -0.87878571
539    -0.83525000    -1.17171429
540    -0.83525000    -1.46464286
541    -0.83525000    -1.75757143
542    -0.83600000    -1.75757143
543    -0.83600000    -1.46464286
544    -0.83600000    -1.17171429
545    -0.83600000    -0.87878571
546    -0.83600000    -0.58585714
547    -0.83600000    -0.29292857
548    -0.83600000    -0.00000000
549    -0.83600000     0.29292857
550    -0.83600000     0.58585714
551    -0.83600000     0.87878571
552    -0.83600000     1.17171429
553    -0.83600000     1.46464286
554    -0.83600000     1.75757143
555     0.75000000     1.75757143
556     0.75000000     1.46464286
557     0.75000000     1.17171429
558     0.75000000     0.87878571
559     0.75000000     0.58585714
560     0.75000000     0.29292857
561     0.75000000    -0.00000000
562     0.75000000    -0.29292857
563     0.75000000    -0.58585714
564     0.75000000    -0.87878571
565     0.75000000    -1.17171429
566     0.75000000    -1.46464286
567     0.75000000    -1.75757143
568    -0.75000000     1.75757143
569    -0.75000000     1.46464286
570    -0.75000000     1.17171429
571    -0.75000000     0.87878571
572    -0.75000000     0.58585714
573    -0.75000000     0.29292857
574    -0.75000000    -0.00000000
575    -0.75000000    -0.29292857
576    -0.75000000    -0.58585714
577    -0.75000000    -0.87878571
578    -0.75000000    -1.17171429
579    -0.75000000    -1.46464286
580    -0.75000000    -1.75757143
581    -0.50000000     2.05050000
582    -0.25000000     2.05050000
583     0.00000000     2.05050000
584     0.25000000     2.05050000
585     0.50000000     2.05050000
586    -0.50000000     2.04966667
587    -0.25000000     2.04966667
588     0.00000000     2.04966667
589     0.25000000     2.04966667
590     0.50000000     2.04966667
591    -0.50000000     2.04883333
592    -0.25000000     2.04883333
593     0.00000000     2.04883333
594     0.25000000     2.04883333
595     0.50000000     2.04883333
596    -0.50000000     2.04800000
597    -0.25000000     2.04800000
598     0.00000000     2.04800000
599     0.25000000     2.04800000
600     0.50000000     2.04800000
601    -0.50000000     2.04716667
602    -0.25000000     2.04716667
603     0.00000000     2.04716667
604     0.25000000     2.04716667
605     0.50000000     2.04716667
606    -0.50000000     2.04633333
607    -0.25000000     2.04633333
608     0.00000000     2.04633333
609     0.25000000     2.04633333
610     0.50000000     2.04633333
611    -0.50000000     2.04550000
612    -0.25000000     2.04550000
613     0.00000000     2.04550000
614     0.25000000     2.04550000
615     0.50000000     2.04550000
616    -0.50000000     1.97750000
617    -0.25000000     1.97750000
618     0.00000000     1.97750000
619     0.25000000     1.97750000
620     0.50000000     1.97750000
621    -0.50000000     2.01150000
622    -0.25000000     2.01150000
623     0.00000000     2.01150000
624     0.25000000     2.01150000
625     0.50000000     2.01150000
626    -0.50000000    -2.04966667
627    -0.25000000    -2.04966667
628     0.00000000    -2.04966667
629     0.25000000    -2.04966667
630     0.50000000    -2.04966667
631    -0.50000000    -2.05050000
632    -0.25000000    -2.05050000
633     0.00000000    -2.05050000
634     0.25000000    -2.05050000
635     0.50000000    -2.05050000
636    -0.50000000    -1.97750000
637    -0.25000000    -1.97750000
638     0.00000000    -1.97750000
639     0.25000000    -1.97750000
640     0.50000000    -1.97750000
641    -0.50000000    -2.01150000
642    -0.25000000    -2.01150000
643     0.00000000    -2.01150000
644     0.25000000    -2.01150000
645     0.50000000    -2.01150000
646    -0.50000000    -2.04550000
647    -0.25000000    -2.04550000
648     0.00000000    -2.04550000
649     0.25000000    -2.04550000
650     0.50000000    -2.04550000
651    -0.50000000    -2.04883333
652    -0.25000000    -2.04883333
653     0.00000000    -2.04883333
654     0.25000000    -2.04883333
655     0.50000000    -2.04883333
656    -0.50000000    -2.04800000
657    -0.25000000    -2.04800000
658     0.00000000    -2.04800000
659     0.25000000    -2.04800000
660     0.50000000    -2.04800000
661    -0.50000000    -2.04716667
662    -0.25000000    -2.04716667
663     0.00000000    -2.04716667
664     0.25000000    -2.04716667
665     0.50000000    -2.04716667
666    -0.50000000    -2.04633333
667    -0.25000000    -2.04633333
668     0.00000000    -2.04633333
669     0.25000000    -2.04633333
670     0.50000000    -2.04633333
671    -0.80633333     1.75757143
672    -0.77966667     1.75757143
673    -0.80633333     1.46464286
674    -0.77966667     1.46464286
675    -0.80633333     1.17171429
676    -0.77966667     1.17171429
677    -0.80633333     0.87878571
678    -0.77966667     0.87878571
679    -0.80633333     0.58585714
680    -0.77966667     0.58585714
681    -0.80633333     0.29292857
682    -0.77966667     0.29292857
683    -0.80633333    -0.00000000
684    -0.77966667    -0.00000000
685    -0.80633333    -0.29292857
686    -0.77966667    -0.29292857
687    -0.80633333    -0.58585714
688    -0.77966667    -0.58585714
689    -0.80633333    -0.87878571
690    -0.77966667    -0.87878571
691    -0.80633333    -1.17171429
692    -0.77966667    -1.17171429
693    -0.80633333    -1.46464286
694    -0.77966667    -1.46464286
695    -0.80633333    -1.75757143
696    -0.77966667    -1.75757143
697     0.77966667     1.75757143
698     0.80633333     1.75757143
699     0.77966667     1.46464286
700     0.80633333     1.46464286
701     0.77966667     1.17171429
702     0.80633333     1.17171429
703     0.77966667     0.87878571
704     0.80633333     0.87878571
705     0.77966667     0.58585714
706     0.80633333     0.58585714
707     0.77966667     0.29292857
708     0.80633333     0.29292857
709     0.77966667    -0.00000000
710     0.80633333    -0.00000000
711     0.77966667    -0.29292857
712     0.80633333    -0.29292857
713     0.77966667    -0.58585714
714     0.80633333    -0.58585714
715     0.77966667    -0.87878571
716     0.80633333    -0.87878571
717     0.77966667    -1.17171429
718     0.80633333    -1.17171429
719     0.77966667    -1.46464286
720     0.80633333    -1.46464286
721     0.77966667    -1.75757143
722     0.80633333    -1.75757143

  1    122  671  105    1    0    0    0    0    0
  2    671  672  106  105    0    0    0    0    0
  3    672  107    2  106    0    0    0    0    0
  4    123  673  671  122    0    0    0    0    0
  5    673  674  672  671    0    0    0    0    0
  6    674  108  107  672    0    0    0    0    0
  7    124  675  673  123    0    0    0    0    0
  8    675  676  674  673    0    0    0    0    0
  9    676  109  108  674    0    0    0    0    0
 10    125  677  675  124    0    0    0    0    0
 11    677  678  676  675    0    0    0    0    0
 12    678  110  109  676    0    0    0    0    0
 13    126  679  677  125    0    0    0    0    0
 14    679  680  678  677    0    0    0    0    0
 15    680  111  110  678    0    0    0    0    0
 16    127  681  679  126    0    0    0    0    0
 17    681  682  680  679    0    0    0    0    0
 18    682  112  111  680    0    0    0    0    0
 19    128  683  681  127    0    0    0    0    0
 20    683  684  682  681    0    0    0    0    0
 21    684  113  112  682    0    0    0    0    0
 22    129  685  683  128    0    0    0    0    0
 23    685  686  684  683    0    0    0    0    0
 24    686  114  113  684    0    0    0    0    0
 25    130  687  685  129    0    0    0    0    0
 26    687  688  686  685    0    0    0    0    0
 27    688  115  114  686    0    0    0    0    0
 28    131  689  687  130    0    0    0    0    0
 29    689  690  688  687    0    0    0    0    0
 30    690  116  115  688    0    0    0    0    0
 31    132  691  689  131    0    0    0    0    0
 32    691  692  690  689    0    0    0    0    0
 33    692  117  116  690    0    0    0    0    0
 34    133  693  691  132    0    0    0    0    0
 35    693  694  692  691    0    0    0    0    0
 36    694  118  117  692    0    0    0    0    0
 37    134  695  693  133    0    0    0    0    0
 38    695  696  694  693    0    0    0    0    0
 39    696  119  118  694    0    0    0    0    0
 40      4  121  695  134    0    0    0    0    0
 41    121  120  696  695    0    0    0    0    0
 42    120    3  119  696    0    0    0    0    0
 43    107  135    5    2    0    0    0    0    0
 44    108  136  135  107    0    0    0    0    0
 45    109  137  136  108    0    0    0    0    0
 46    110  138  137  109    0    0    0    0    0
 47    111  139  138  110    0    0    0    0    0
 48    112  140  139  111    0    0    0    0    0
 49    113  141  140  112    0    0    0    0    0
 50    114  142  141  113    0    0    0    0    0
 51    115  143  142  114    0    0    0    0    0
 52    116  144  143  115    0    0    0    0    0
 53    117  145  144  116    0    0    0    0    0
 54    118  146  145  117    0    0    0    0    0
 55    119  147  146  118    0    0    0    0    0
 56      3    6  147  119    0    0    0    0    0
 57    135  148    7    5    0    0    0    0    0
 58    136  149  148  135    0    0    0    0    0
 59    137  150  149  136    0    0    0    0    0
 60    138  151  150  137    0    0    0    0    0
 61    139  152  151  138    0    0    0    0    0
 62    140  153  152  139    0    0    0    0    0
 63    141  154  153  140    0    0    0    0    0
 64    142  155  154  141    0    0    0    0    0
 65    143  156  155  142    0    0    0    0    0
 66    144  157  156  143    0    0    0    0    0
 67    145  158  157  144    0    0    0    0    0
 68    146  159  158  145    0    0    0    0    0
 69    147  160  159  146    0    0    0    0    0
 70      6    8  160  147    0    0    0    0    0
 71    148  161    9    7    0    0    0    0    0
 72    149  162  161  148    0    0    0    0    0
 73    150  163  162  149    0    0    0    0    0
 74    151  164  163  150    0    0    0    0    0
 75    152  165  164  151    0    0    0    0    0
 76    153  166  165  152    0    0    0    0    0
 77    154  167  166  153    0    0    0    0    0
 78    155  168  167  154    0    0    0    0    0
 79    156  169  168  155    0    0    0    0    0
 80    157  170  169  156    0    0    0    0    0
 81    158  171  170  157    0    0    0    0    0
 82    159  172  171  158    0    0    0    0    0
 83    160  173  172  159    0    0    0    0    0
 84      8   10  173  160    0    0    0    0    0
 85    161  174   11    9    0    0    0    0    0
 86    162  175  174  161    0    0    0    0    0
 87    163  176  175  162    0    0    0    0    0
 88    164  177  176  163    0    0    0    0    0
 89    165  178  177  164    0    0    0    0    0
 90    166  179  178  165    0    0    0    0    0
 91    167  180  179  166    0    0    0    0    0
 92    168  181  180  167    0    0    0    0    0
 93    169  182  181  168    0    0    0    0    0
 94    170  183  182  169    0    0    0    0    0
 95    171  184  183  170    0    0    0    0    0
 96    172  185  184  171    0    0    0    0    0
 97    173  186  185  172    0    0    0    0    0
 98     10   12  186  173    0    0    0    0    0
 99    174  187   13   11    0    0    0    0    0
100    175  188  187  174    0    0    0    0    0
101    176  189  188  175    0    0    0    0    0
102    177  190  189  176    0    0    0    0    0
103    178  191  190  177    0    0    0    0    0
104    179  192  191  178    0    0    0    0    0
105    180  193  192  179    0    0    0    0    0
106    181  194  193  180    0    0    0    0    0
107    182  195  194  181    0    0    0    0    0
108    183  196  195  182    0    0    0    0    0
109    184  197  196  183    0    0    0    0    0
110    185  198  197  184    0    0    0    0    0
111    186  199  198  185    0    0    0    0    0
112     12   14  199  186    0    0    0    0    0
113    187  200   15   13    0    0    0    0    0
114    188  201  200  187    0    0    0    0    0
115    189  202  201  188    0    0    0    0    0
116    190  203  202  189    0    0    0    0    0
117    191  204  203  190    0    0    0    0    0
118    192  205  204  191    0    0    0    0    0
119    193  206  205  192    0    0    0    0    0
120    194  207  206  193    0    0    0    0    0
121    195  208  207  194    0    0    0    0    0
122    196  209  208  195    0    0    0    0    0
123    197  210  209  196    0    0    0    0    0
124    198  211  210  197    0    0    0    0    0
125    199  212  211  198    0    0    0    0    0
126     14   16  212  199    0    0    0    0    0
127    200  213   17   15    0    0    0    0    0
128    201  214  213  200    0    0    0    0    0
129    202  215  214  201    0    0    0    0    0
130    203  216  215  202    0    0    0    0    0
131    204  217  216  203    0    0    0    0    0
132    205  218  217  204    0    0    0    0    0
133    206  219  218  205    0    0    0    0    0
134    207  220  219  206    0    0    0    0    0
135    208  221  220  207    0    0    0    0    0
136    209  222  221  208    0    0    0    0    0
137    210  223  222  209    0    0    0    0    0
138    211  224  223  210    0    0    0    0    0
139    212  225  224  211    0    0    0    0    0
140     16   18  225  212    0    0    0    0    0
141    590   73   72  585    0    0    0    0    0
142    589  590  585  584    0    0    0    0    0
143    588  589  584  583    0    0    0    0    0
144    587  588  583  582    0    0    0    0    0
145    586  587  582  581    0    0    0    0    0
146     74  586  581   71    0    0    0    0    0
147    620   86   88  625    0    0    0    0    0
148    619  620  625  624    0    0    0    0    0
149    618  619  624  623    0    0    0    0    0
150    617  618  623  622    0    0    0    0    0
151    616  617  622  621    0    0    0    0    0
152     85  616  621   87    0    0    0    0    0
153    625   88   84  615    0    0    0    0    0
154    624  625  615  614    0    0    0    0    0
155    623  624  614  613    0    0    0    0    0
156    622  623  613  612    0    0    0    0    0
157    621  622  612  611    0    0    0    0    0
158     87  621  611   83    0    0    0    0    0
159    239  226   20   19    0    0    0    0    0
160    240  227  226  239    0    0    0    0    0
161    241  228  227  240    0    0    0    0    0
162    242  229  228  241    0    0    0    0    0
163    243  230  229  242    0    0    0    0    0
164    244  231  230  243    0    0    0    0    0
165    245  232  231  244    0    0    0    0    0
166    246  233  232  245    0    0    0    0    0
167    247  234  233  246    0    0    0    0    0
168    248  235  234  247    0    0    0    0    0
169    249  236  235  248    0    0    0    0    0
170    250  237  236  249    0    0    0    0    0
171    251  238  237  250    0    0    0    0    0
172     22   21  238  251    0    0    0    0    0
173    226  252   23   20    0    0    0    0    0
174    227  253  252  226    0    0    0    0    0
175    228  254  253  227    0    0    0    0    0
176    229  255  254  228    0    0    0    0    0
177    230  256  255  229    0    0    0    0    0
178    231  257  256  230    0    0    0    0    0
179    232  258  257  231    0    0    0    0    0
180    233  259  258  232    0    0    0    0    0
181    234  260  259  233    0    0    0    0    0
182    235  261  260  234    0    0    0    0    0
183    236  262  261  235    0    0    0    0    0
184    237  263  262  236    0    0    0    0    0
185    238  264  263  237    0    0    0    0    0
186     21   24  264  238    0    0    0    0    0
187    252  265   25   23    0    0    0    0    0
188    253  266  265  252    0    0    0    0    0
189    254  267  266  253    0    0    0    0    0
190    255  268  267  254    0    0    0    0    0
191    256  269  268  255    0    0    0    0    0
192    257  270  269  256    0    0    0    0    0
193    258  271  270  257    0    0    0    0    0
194    259  272  271  258    0    0    0    0    0
195    260  273  272  259    0    0    0    0    0
196    261  274  273  260    0    0    0    0    0
197    262  275  274  261    0    0    0    0    0
198    263  276  275  262    0    0    0    0    0
199    264  277  276  263    0    0    0    0    0
200     24   26  277  264    0    0    0    0    0
201    265  278   27   25    0    0    0    0    0
202    266  279  278  265    0    0    0    0    0
203    267  280  279  266    0    0    0    0    0
204    268  281  280  267    0    0    0    0    0
205    269  282  281  268    0    0    0    0    0
206    270  283  282  269    0    0    0    0    0
207    271  284  283  270    0    0    0    0    0
208    272  285  284  271    0    0    0    0    0
209    273  286  285  272    0    0    0    0    0
210    274  287  286  273    0    0    0    0    0
211    275  288  287  274    0    0    0    0    0
212    276  289  288  275    0    0    0    0    0
213    277  290  289  276    0    0    0    0    0
214     26   28  290  277    0    0    0    0    0
215    278  291   29   27    0    0    0    0    0
216    279  292  291  278    0    0    0    0    0
217    280  293  292  279    0    0    0    0    0
218    281  294  293  280    0    0    0    0    0
219    282  295  294  281    0    0    0    0    0
220    283  296  295  282    0    0    0    0    0
221    284  297  296  283    0    0    0    0    0
222    285  298  297  284    0    0    0    0    0
223    286  299  298  285    0    0    0    0    0
224    287  300  299  286    0    0    0    0    0
225    288  301  300  287    0    0    0    0    0
226    289  302  301  288    0    0    0    0    0
227    290  303  302  289    0    0    0    0    0
228     28   30  303  290    0    0    0    0    0
229    291  304   31   29    0    0    0    0    0
230    292  305  304  291    0    0    0    0    0
231    293  306  305  292    0    0    0    0    0
232    294  307  306  293    0    0    0    0    0
233    295  308  307  294    0    0    0    0    0
234    296  309  308  295    0    0    0    0    0
235    297  310  309  296    0    0    0    0    0
236    298  311  310  297    0    0    0    0    0
237    299  312  311  298    0    0    0    0    0
238    300  313  312  299    0    0    0    0    0
239    301  314  313  300    0    0    0    0    0
240    302  315  314  301    0    0    0    0    0
241    303  316  315  302    0    0    0    0    0
242     30   32  316  303    0    0    0    0    0
243    304  317   33   31    0    0    0    0    0
244    305  318  317  304    0    0    0    0    0
245    306  319  318  305    0    0    0    0    0
246    307  320  319  306    0    0    0    0    0
247    308  321  320  307    0    0    0    0    0
248    309  322  321  308    0    0    0    0    0
249    310  323  322  309    0    0    0    0    0
250    311  324  323  310    0    0    0    0    0
251    312  325  324  311    0    0    0    0    0
252    313  326  325  312    0    0    0    0    0
253    314  327  326  313    0    0    0    0    0
254    315  328  327  314    0    0    0    0    0
255    316  329  328  315    0    0    0    0    0
256     32   34  329  316    0    0    0    0    0
257    317  697  330   33    0    0    0    0    0
258    697  698  331  330    0    0    0    0    0
259    698  332   35  331    0    0    0    0    0
260    318  699  697  317    0    0    0    0    0
261    699  700  698  697    0    0    0    0    0
262    700  333  332  698    0    0    0    0    0
263    319  701  699  318    0    0    0    0    0
264    701  702  700  699    0    0    0    0    0
265    702  334  333  700    0    0    0    0    0
266    320  703  701  319    0    0    0    0    0
267    703  704  702  701    0    0    0    0    0
268    704  335  334  702    0    0    0    0    0
269    321  705  703  320    0    0    0    0    0
270    705  706  704  703    0    0    0    0    0
271    706  336  335  704    0    0    0    0    0
272    322  707  705  321    0    0    0    0    0
273    707  708  706  705    0    0    0    0    0
274    708  337  336  706    0    0    0    0    0
275    323  709  707  322    0    0    0    0    0
276    709  710  708  707    0    0    0    0    0
277    710  338  337  708    0    0    0    0    0
278    324  711  709  323    0    0    0    0    0
279    711  712  710  709    0    0    0    0    0
280    712  339  338  710    0    0    0    0    0
281    325  713  711  324    0    0    0    0    0
282    713  714  712  711    0    0    0    0    0
283    714  340  339  712    0    0    0    0    0
284    326  715  713  325    0    0    0    0    0
285    715  716  714  713    0    0    0    0    0
286    716  341  340  714    0    0    0    0    0
287    327  717  715  326    0    0    0    0    0
288    717  718  716  715    0    0    0    0    0
289    718  342  341  716    0    0    0    0    0
290    328  719  717  327    0    0    0    0    0
291    719  720  718  717    0    0    0    0    0
292    720  343  342  718    0    0    0    0    0
293    329  721  719  328    0    0    0    0    0
294    721  722  720  719    0    0    0    0    0
295    722  344  343  720    0    0    0    0    0
296     34  345  721  329    0    0    0    0    0
297    345  346  722  721    0    0    0    0    0
298    346   36  344  722    0    0    0    0    0
299    332  347   37   35    0    0    0    0    0
300    333  348  347  332    0    0    0    0    0
301    334  349  348  333    0    0    0    0    0
302    335  350  349  334    0    0    0    0    0
303    336  351  350  335    0    0    0    0    0
304    337  352  351  336    0    0    0    0    0
305    338  353  352  337    0    0    0    0    0
306    339  354  353  338    0    0    0    0    0
307    340  355  354  339    0    0    0    0    0
308    341  356  355  340    0    0    0    0    0
309    342  357  356  341    0    0    0    0    0
310    343  358  357  342    0    0    0    0    0
311    344  359  358  343    0    0    0    0    0
312     36   38  359  344    0    0    0    0    0
313    347  360   39   37    0    0    0    0    0
314    348  361  360  347    0    0    0    0    0
315    349  362  361  348    0    0    0    0    0
316    350  363  362  349    0    0    0    0    0
317    351  364  363  350    0    0    0    0    0
318    352  365  364  351    0    0    0    0    0
319    353  366  365  352    0    0    0    0    0
320    354  367  366  353    0    0    0    0    0
321    355  368  367  354    0    0    0    0    0
322    356  369  368  355    0    0    0    0    0
323    357  370  369  356    0    0    0    0    0
324    358  371  370  357    0    0    0    0    0
325    359  372  371  358    0    0    0    0    0
326     38   40  372  359    0    0    0    0    0
327    360  373   41   39    0    0    0    0    0
328    361  374  373  360    0    0    0    0    0
329    362  375  374  361    0    0    0    0    0
330    363  376  375  362    0    0    0    0    0
331    364  377  376  363    0    0    0    0    0
332    365  378  377  364    0    0    0    0    0
333    366  379  378  365    0    0    0    0    0
334    367  380  379  366    0    0    0    0    0
335    368  381  380  367    0    0    0    0    0
336    369  382  381  368    0    0    0    0    0
337    370  383  382  369    0    0    0    0    0
338    371  384  383  370    0    0    0    0    0
339    372  385  384  371    0    0    0    0    0
340     40   42  385  372    0    0    0    0    0
341    373  386   43   41    0    0    0    0    0
342    374  387  386  373    0    0    0    0    0
343    375  388  387  374    0    0    0    0    0
344    376  389  388  375    0    0    0    0    0
345    377  390  389  376    0    0    0    0    0
346    378  391  390  377    0    0    0    0    0
347    379  392  391  378    0    0    0    0    0
348    380  393  392  379    0    0    0    0    0
349    381  394  393  380    0    0    0    0    0
350    382  395  394  381    0    0    0    0    0
351    383  396  395  382    0    0    0    0    0
352    384  397  396  383    0    0    0    0    0
353    385  398  397  384    0    0    0    0    0
354     42   44  398  385    0    0    0    0    0
355    386  399   45   43    0    0    0    0    0
356    387  400  399  386    0    0    0    0    0
357    388  401  400  387    0    0    0    0    0
358    389  402  401  388    0    0    0    0    0
359    390  403  402  389    0    0    0    0    0
360    391  404  403  390    0    0    0    0    0
361    392  405  404  391    0    0    0    0    0
362    393  406  405  392    0    0    0    0    0
363    394  407  406  393    0    0    0    0    0
364    395  408  407  394    0    0    0    0    0
365    396  409  408  395    0    0    0    0    0
366    397  410  409  396    0    0    0    0    0
367    398  411  410  397    0    0    0    0    0
368     44   46  411  398    0    0    0    0    0
369    399  412   47   45    0    0    0    0    0
370    400  413  412  399    0    0    0    0    0
371    401  414  413  400    0    0    0    0    0
372    402  415  414  401    0    0    0    0    0
373    403  416  415  402    0    0    0    0    0
374    404  417  416  403    0    0    0    0    0
375    405  418  417  404    0    0    0    0    0
376    406  419  418  405    0    0    0    0    0
377    407  420  419  406    0    0    0    0    0
378    408  421  420  407    0    0    0    0    0
379    409  422  421  408    0    0    0    0    0
380    410  423  422  409    0    0    0    0    0
381    411  424  423  410    0    0    0    0    0
382     46   48  424  411    0    0    0    0    0
383    412  425   49   47    0    0    0    0    0
384    413  426  425  412    0    0    0    0    0
385    414  427  426  413    0    0    0    0    0
386    415  428  427  414    0    0    0    0    0
387    416  429  428  415    0    0    0    0    0
388    417  430  429  416    0    0    0    0    0
389    418  431  430  417    0    0    0    0    0
390    419  432  431  418    0    0    0    0    0
391    420  433  432  419    0    0    0    0    0
392    421  434  433  420    0    0    0    0    0
393    422  435  434  421    0    0    0    0    0
394    423  436  435  422    0    0    0    0    0
395    424  437  436  423    0    0    0    0    0
396     48   50  437  424    0    0    0    0    0
397    425  438   51   49    0    0    0    0    0
398    426  439  438  425    0    0    0    0    0
399    427  440  439  426    0    0    0    0    0
400    428  441  440  427    0    0    0    0    0
401    429  442  441  428    0    0    0    0    0
402    430  443  442  429    0    0    0    0    0
403    431  444  443  430    0    0    0    0    0
404    432  445  444  431    0    0    0    0    0
405    433  446  445  432    0    0    0    0    0
406    434  447  446  433    0    0    0    0    0
407    435  448  447  434    0    0    0    0    0
408    436  449  448  435    0    0    0    0    0
409    437  450  449  436    0    0    0    0    0
410     50   52  450  437    0    0    0    0    0
411     53    4  134  463    0    0    0    0    0
412    463  134  133  462    0    0    0    0    0
413    462  133  132  461    0    0    0    0    0
414    461  132  131  460    0    0    0    0    0
415    460  131  130  459    0    0    0    0    0
416    459  130  129  458    0    0    0    0    0
417    458  129  128  457    0    0    0    0    0
418    457  128  127  456    0    0    0    0    0
419    456  127  126  455    0    0    0    0    0
420    455  126  125  454    0    0    0    0    0
421    454  125  124  453    0    0    0    0    0
422    453  124  123  452    0    0    0    0    0
423    452  123  122  451    0    0    0    0    0
424    451  122    1   54    0    0    0    0    0
425     55   53  463  476    0    0    0    0    0
426    476  463  462  475    0    0    0    0    0
427    475  462  461  474    0    0    0    0    0
428    474  461  460  473    0    0    0    0    0
429    473  460  459  472    0    0    0    0    0
430    472  459  458  471    0    0    0    0    0
431    471  458  457  470    0    0    0    0    0
432    470  457  456  469    0    0    0    0    0
433    469  456  455  468    0    0    0    0    0
434    468  455  454  467    0    0    0    0    0
435    467  454  453  466    0    0    0    0    0
436    466  453  452  465    0    0    0    0    0
437    465  452  451  464    0    0    0    0    0
438    464  451   54   56    0    0    0    0    0
439     58   57  502  489    0    0    0    0    0
440    489  502  501  488    0    0    0    0    0
441    488  501  500  487    0    0    0    0    0
442    487  500  499  486    0    0    0    0    0
443    486  499  498  485    0    0    0    0    0
444    485  498  497  484    0    0    0    0    0
445    484  497  496  483    0    0    0    0    0
446    483  496  495  482    0    0    0    0    0
447    482  495  494  481    0    0    0    0    0
448    481  494  493  480    0    0    0    0    0
449    480  493  492  479    0    0    0    0    0
450    479  492  491  478    0    0    0    0    0
451    478  491  490  477    0    0    0    0    0
452    477  490   60   59    0    0    0    0    0
453     61   58  489  515    0    0    0    0    0
454    515  489  488  514    0    0    0    0    0
455    514  488  487  513    0    0    0    0    0
456    513  487  486  512    0    0    0    0    0
457    512  486  485  511    0    0    0    0    0
458    511  485  484  510    0    0    0    0    0
459    510  484  483  509    0    0    0    0    0
460    509  483  482  508    0    0    0    0    0
461    508  482  481  507    0    0    0    0    0
462    507  481  480  506    0    0    0    0    0
463    506  480  479  505    0    0    0    0    0
464    505  479  478  504    0    0    0    0    0
465    504  478  477  503    0    0    0    0    0
466    503  477   59   62    0    0    0    0    0
467     64   63  541  528    0    0    0    0    0
468    528  541  540  527    0    0    0    0    0
469    527  540  539  526    0    0    0    0    0
470    526  539  538  525    0    0    0    0    0
471    525  538  537  524    0    0    0    0    0
472    524  537  536  523    0    0    0    0    0
473    523  536  535  522    0    0    0    0    0
474    522  535  534  521    0    0    0    0    0
475    521  534  533  520    0    0    0    0    0
476    520  533  532  519    0    0    0    0    0
477    519  532  531  518    0    0    0    0    0
478    518  531  530  517    0    0    0    0    0
479    517  530  529  516    0    0    0    0    0
480    516  529   66   65    0    0    0    0    0
481     67   64  528  542    0    0    0    0    0
482    542  528  527  543    0    0    0    0    0
483    543  527  526  544    0    0    0    0    0
484    544  526  525  545    0    0    0    0    0
485    545  525  524  546    0    0    0    0    0
486    546  524  523  547    0    0    0    0    0
487    547  523  522  548    0    0    0    0    0
488    548  522  521  549    0    0    0    0    0
489    549  521  520  550    0    0    0    0    0
490    550  520  519  551    0    0    0    0    0
491    551  519  518  552    0    0    0    0    0
492    552  518  517  553    0    0    0    0    0
493    553  517  516  554    0    0    0    0    0
494    554  516   65   68    0    0    0    0    0
495     57   55  476  502    0    0    0    0    0
496    502  476  475  501    0    0    0    0    0
497    501  475  474  500    0    0    0    0    0
498    500  474  473  499    0    0    0    0    0
499    499  473  472  498    0    0    0    0    0
500    498  472  471  497    0    0    0    0    0
501    497  471  470  496    0    0    0    0    0
502    496  470  469  495    0    0    0    0    0
503    495  469  468  494    0    0    0    0    0
504    494  468  467  493    0    0    0    0    0
505    493  467  466  492    0    0    0    0    0
506    492  466  465  491    0    0    0    0    0
507    491  465  464  490    0    0    0    0    0
508    490  464   56   60    0    0    0    0    0
509    529  503   62   66    0    0    0    0    0
510    530  504  503  529    0    0    0    0    0
511    531  505  504  530    0    0    0    0    0
512    532  506  505  531    0    0    0    0    0
513    533  507  506  532    0    0    0    0    0
514    534  508  507  533    0    0    0    0    0
515    535  509  508  534    0    0    0    0    0
516    536  510  509  535    0    0    0    0    0
517    537  511  510  536    0    0    0    0    0
518    538  512  511  537    0    0    0    0    0
519    539  513  512  538    0    0    0    0    0
520    540  514  513  539    0    0    0    0    0
521    541  515  514  540    0    0    0    0    0
522     63   61  515  541    0    0    0    0    0
523     76  591  586   74    0    0    0    0    0
524    591  592  587  586    0    0    0    0    0
525    592  593  588  587    0    0    0    0    0
526    593  594  589  588    0    0    0    0    0
527    594  595  590  589    0    0    0    0    0
528    595   75   73  590    0    0    0    0    0
529     77  596  591   76    0    0    0    0    0
530    596  597  592  591    0    0    0    0    0
531    597  598  593  592    0    0    0    0    0
532    598  599  594  593    0    0    0    0    0
533    599  600  595  594    0    0    0    0    0
534    600   78   75  595    0    0    0    0    0
535    605   80   78  600    0    0    0    0    0
536    604  605  600  599    0    0    0    0    0
537    603  604  599  598    0    0    0    0    0
538    602  603  598  597    0    0    0    0    0
539    601  602  597  596    0    0    0    0    0
540     79  601  596   77    0    0    0    0    0
541    610   82   80  605    0    0    0    0    0
542    609  610  605  604    0    0    0    0    0
543    608  609  604  603    0    0    0    0    0
544    607  608  603  602    0    0    0    0    0
545    606  607  602  601    0    0    0    0    0
546     81  606  601   79    0    0    0    0    0
547    615   84   82  610    0    0    0    0    0
548    614  615  610  609    0    0    0    0    0
549    613  614  609  608    0    0    0    0    0
550    612  613  608  607    0    0    0    0    0
551    611  612  607  606    0    0    0    0    0
552     83  611  606   81    0    0    0    0    0
553    555  239   19   72    0    0    0    0    0
554    556  240  239  555    0    0    0    0    0
555    557  241  240  556    0    0    0    0    0
556    558  242  241  557    0    0    0    0    0
557    559  243  242  558    0    0    0    0    0
558    560  244  243  559    0    0    0    0    0
559    561  245  244  560    0    0    0    0    0
560    562  246  245  561    0    0    0    0    0
561    563  247  246  562    0    0    0    0    0
562    564  248  247  563    0    0    0    0    0
563    565  249  248  564    0    0    0    0    0
564    566  250  249  565    0    0    0    0    0
565    567  251  250  566    0    0    0    0    0
566     69   22  251  567    0    0    0    0    0
567    213  568   71   17    0    0    0    0    0
568    214  569  568  213    0    0    0    0    0
569    215  570  569  214    0    0    0    0    0
570    216  571  570  215    0    0    0    0    0
571    217  572  571  216    0    0    0    0    0
572    218  573  572  217    0    0    0    0    0
573    219  574  573  218    0    0    0    0    0
574    220  575  574  219    0    0    0    0    0
575    221  576  575  220    0    0    0    0    0
576    222  577  576  221    0    0    0    0    0
577    223  578  577  222    0    0    0    0    0
578    224  579  578  223    0    0    0    0    0
579    225  580  579  224    0    0    0    0    0
580     18   70  580  225    0    0    0    0    0
581    635   69   90  630    0    0    0    0    0
582    634  635  630  629    0    0    0    0    0
583    633  634  629  628    0    0    0    0    0
584    632  633  628  627    0    0    0    0    0
585    631  632  627  626    0    0    0    0    0
586     70  631  626   89    0    0    0    0    0
587    645   94   92  640    0    0    0    0    0
588    644  645  640  639    0    0    0    0    0
589    643  644  639  638    0    0    0    0    0
590    642  643  638  637    0    0    0    0    0
591    641  642  637  636    0    0    0    0    0
592     93  641  636   91    0    0    0    0    0
593    650   96   94  645    0    0    0    0    0
594    649  650  645  644    0    0    0    0    0
595    648  649  644  643    0    0    0    0    0
596    647  648  643  642    0    0    0    0    0
597    646  647  642  641    0    0    0    0    0
598     95  646  641   93    0    0    0    0    0
599     89  626  651   97    0    0    0    0    0
600    626  627  652  651    0    0    0    0    0
601    627  628  653  652    0    0    0    0    0
602    628  629  654  653    0    0    0    0    0
603    629  630  655  654    0    0    0    0    0
604    630   90   98  655    0    0    0    0    0
605     97  651  656   99    0    0    0    0    0
606    651  652  657  656    0    0    0    0    0
607    652  653  658  657    0    0    0    0    0
608    653  654  659  658    0    0    0    0    0
609    654  655  660  659    0    0    0    0    0
610    655   98  100  660    0    0    0    0    0
611    660  100  102  665    0    0    0    0    0
612    659  660  665  664    0    0    0    0    0
613    658  659  664  663    0    0    0    0    0
614    657  658  663  662    0    0    0    0    0
615    656  657  662  661    0    0    0    0    0
616     99  656  661  101    0    0    0    0    0
617    665  102  104  670    0    0    0    0    0
618    664  665  670  669    0    0    0    0    0
619    663  664  669  668    0    0    0    0    0
620    662  663  668  667    0    0    0    0    0
621    661  662  667  666    0    0    0    0    0
622    101  661  666  103    0    0    0    0    0
623    670  104   96  650    0    0    0    0    0
624    669  670  650  649    0    0    0    0    0
625    668  669  649  648    0    0    0    0    0
626    667  668  648  647    0    0    0    0    0
627    666  667  647  646    0    0    0    0    0
628    103  666  646   95    0    0    0    0    0

  1   7   90.00
  2   7   90.00
  3   7   90.00
  4   7   90.00
  5   7   90.00
  6   7   90.00
  7   7   90.00
  8   7   90.00
  9   7   90.00
 10   7   90.00
 11   7   90.00
 12   7   90.00
 13   7   90.00
 14   7   90.00
 15   7   90.00
 16   7   90.00
 17   7   90.00
 18   7   90.00
 19   7   90.00
 20   7   90.00
 21   7   90.00
 22   7   90.00
 23   7   90.00
 24   7   90.00
 25   7   90.00
 26   7   90.00
 27   7   90.00
 28   7   90.00
 29   7   90.00
 30   7   90.00
 31   7   90.00
 32   7   90.00
 33   7   90.00
 34   7   90.00
 35   7   90.00
 36   7   90.00
 37   7   90.00
 38   7   90.00
 39   7   90.00
 40   7   90.00
 41   7   90.00
 42   7   90.00
 43   3   90.00
 44   3   90.00
 45   3   90.00
 46   3   90.00
 47   3   90.00
 48   3   90.00
 49   3   90.00
 50   3   90.00
 51   3   90.00
 52   3   90.00
 53   3   90.00
 54   3   90.00
 55   3   90.00
 56   3   90.00
 57   2   90.00
 58   2   90.00
 59   2   90.00
 60   2   90.00
 61   2   90.00
 62   2   90.00
 63   2   90.00
 64   2   90.00
 65   2   90.00
 66   2   90.00
 67   2   90.00
 68   2   90.00
 69   2   90.00
 70   2   90.00
 71   3   90.00
 72   3   90.00
 73   3   90.00
 74   3   90.00
 75   3   90.00
 76   3   90.00
 77   3   90.00
 78   3   90.00
 79   3   90.00
 80   3   90.00
 81   3   90.00
 82   3   90.00
 83   3   90.00
 84   3   90.00
 85   2   90.00
 86   2   90.00
 87   2   90.00
 88   2   90.00
 89   2   90.00
 90   2   90.00
 91   2   90.00
 92   2   90.00
 93   2   90.00
 94   2   90.00
 95   2   90.00
 96   2   90.00
 97   2   90.00
 98   2   90.00
 99   3   90.00
100   3   90.00
101   3   90.00
102   3   90.00
103   3   90.00
104   3   90.00
105   3   90.00
106   3   90.00
107   3   90.00
108   3   90.00
109   3   90.00
110   3   90.00
111   3   90.00
112   3   90.00
113   2   90.00
114   2   90.00
115   2   90.00
116   2   90.00
117   2   90.00
118   2   90.00
119   2   90.00
120   2   90.00
121   2   90.00
122   2   90.00
123   2   90.00
124   2   90.00
125   2   90.00
126   2   90.00
127   3   90.00
128   3   90.00
129   3   90.00
130   3   90.00
131   3   90.00
132   3   90.00
133   3   90.00
134   3   90.00
135   3   90.00
136   3   90.00
137   3   90.00
138   3   90.00
139   3   90.00
140   3   90.00
141   6    0.00
142   6    0.00
143   6    0.00
144   6    0.00
145   6    0.00
146   6    0.00
147   1    0.00
148   1    0.00
149   1    0.00
150   1    0.00
151   1    0.00
152   1    0.00
153   1    0.00
154   1    0.00
155   1    0.00
156   1    0.00
157   1    0.00
158   1    0.00
159   3  270.00
160   3  270.00
161   3  270.00
162   3  270.00
163   3  270.00
164   3  270.00
165   3  270.00
166   3  270.00
167   3  270.00
168   3  270.00
169   3  270.00
170   3  270.00
171   3  270.00
172   3  270.00
173   2  270.00
174   2  270.00
175   2  270.00
176   2  270.00
177   2  270.00
178   2  270.00
179   2  270.00
180   2  270.00
181   2  270.00
182   2  270.00
183   2  270.00
184   2  270.00
185   2  270.00
186   2  270.00
187   3  270.00
188   3  270.00
189   3  270.00
190   3  270.00
191   3  270.00
192   3  270.00
193   3  270.00
194   3  270.00
195   3  270.00
196   3  270.00
197   3  270.00
198   3  270.00
199   3  270.00
200   3  270.00
201   2  270.00
202   2  270.00
203   2  270.00
204   2  270.00
205   2  270.00
206   2  270.00
207   2  270.00
208   2  270.00
209   2  270.00
210   2  270.00
211   2  270.00
212   2  270.00
213   2  270.00
214   2  270.00
215   3  270.00
216   3  270.00
217   3  270.00
218   3  270.00
219   3  270.00
220   3  270.00
221   3  270.00
222   3  270.00
223   3  270.00
224   3  270.00
225   3  270.00
226   3  270.00
227   3  270.00
228   3  270.00
229   2  270.00
230   2  270.00
231   2  270.00
232   2  270.00
233   2  270.00
234   2  270.00
235   2  270.00
236   2  270.00
237   2  270.00
238   2  270.00
239   2  270.00
240   2  270.00
241   2  270.00
242   2  270.00
243   3  270.00
244   3  270.00
245   3  270.00
246   3  270.00
247   3  270.00
248   3  270.00
249   3  270.00
250   3  270.00
251   3  270.00
252   3  270.00
253   3  270.00
254   3  270.00
255   3  270.00
256   3  270.00
257   7  270.00
258   7  270.00
259   7  270.00
260   7  270.00
261   7  270.00
262   7  270.00
263   7  270.00
264   7  270.00
265   7  270.00
266   7  270.00
267   7  270.00
268   7  270.00
269   7  270.00
270   7  270.00
271   7  270.00
272   7  270.00
273   7  270.00
274   7  270.00
275   7  270.00
276   7  270.00
277   7  270.00
278   7  270.00
279   7  270.00
280   7  270.00
281   7  270.00
282   7  270.00
283   7  270.00
284   7  270.00
285   7  270.00
286   7  270.00
287   7  270.00
288   7  270.00
289   7  270.00
290   7  270.00
291   7  270.00
292   7  270.00
293   7  270.00
294   7  270.00
295   7  270.00
296   7  270.00
297   7  270.00
298   7  270.00
299   2  270.00
300   2  270.00
301   2  270.00
302   2  270.00
303   2  270.00
304   2  270.00
305   2  270.00
306   2  270.00
307   2  270.00
308   2  270.00
309   2  270.00
310   2  270.00
311   2  270.00
312   2  270.00
313   3  270.00
314   3  270.00
315   3  270.00
316   3  270.00
317   3  270.00
318   3  270.00
319   3  270.00
320   3  270.00
321   3  270.00
322   3  270.00
323   3  270.00
324   3  270.00
325   3  270.00
326   3  270.00
327   2  270.00
328   2  270.00
329   2  270.00
330   2  270.00
331   2  270.00
332   2  270.00
333   2  270.00
334   2  270.00
335   2  270.00
336   2  270.00
337   2  270.00
338   2  270.00
339   2  270.00
340   2  270.00
341   3  270.00
342   3  270.00
343   3  270.00
344   3  270.00
345   3  270.00
346   3  270.00
347   3  270.00
348   3  270.00
349   3  270.00
350   3  270.00
351   3  270.00
352   3  270.00
353   3  270.00
354   3  270.00
355   2  270.00
356   2  270.00
357   2  270.00
358   2  270.00
359   2  270.00
360   2  270.00
361   2  270.00
362   2  270.00
363   2  270.00
364   2  270.00
365   2  270.00
366   2  270.00
367   2  270.00
368   2  270.00
369   3  270.00
370   3  270.00
371   3  270.00
372   3  270.00
373   3  270.00
374   3  270.00
375   3  270.00
376   3  270.00
377   3  270.00
378   3  270.00
379   3  270.00
380   3  270.00
381   3  270.00
382   3  270.00
383   2  270.00
384   2  270.00
385   2  270.00
386   2  270.00
387   2  270.00
388   2  270.00
389   2  270.00
390   2  270.00
391   2  270.00
392   2  270.00
393   2  270.00
394   2  270.00
395   2  270.00
396   2  270.00
397   3  270.00
398   3  270.00
399   3  270.00
400   3  270.00
401   3  270.00
402   3  270.00
403   3  270.00
404   3  270.00
405   3  270.00
406   3  270.00
407   3  270.00
408   3  270.00
409   3  270.00
410   3  270.00
411   2   90.00
412   2   90.00
413   2   90.00
414   2   90.00
415   2   90.00
416   2   90.00
417   2   90.00
418   2   90.00
419   2   90.00
420   2   90.00
421   2   90.00
422   2   90.00
423   2   90.00
424   2   90.00
425   3   90.00
426   3   90.00
427   3   90.00
428   3   90.00
429   3   90.00
430   3   90.00
431   3   90.00
432   3   90.00
433   3   90.00
434   3   90.00
435   3   90.00
436   3   90.00
437   3   90.00
438   3   90.00
439   3   90.00
440   3   90.00
441   3   90.00
442   3   90.00
443   3   90.00
444   3   90.00
445   3   90.00
446   3   90.00
447   3   90.00
448   3   90.00
449   3   90.00
450   3   90.00
451   3   90.00
452   3   90.00
453   2   90.00
454   2   90.00
455   2   90.00
456   2   90.00
457   2   90.00
458   2   90.00
459   2   90.00
460   2   90.00
461   2   90.00
462   2   90.00
463   2   90.00
464   2   90.00
465   2   90.00
466   2   90.00
467   2   90.00
468   2   90.00
469   2   90.00
470   2   90.00
471   2   90.00
472   2   90.00
473   2   90.00
474   2   90.00
475   2   90.00
476   2   90.00
477   2   90.00
478   2   90.00
479   2   90.00
480   2   90.00
481   3   90.00
482   3   90.00
483   3   90.00
484   3   90.00
485   3   90.00
486   3   90.00
487   3   90.00
488   3   90.00
489   3   90.00
490   3   90.00
491   3   90.00
492   3   90.00
493   3   90.00
494   3   90.00
495   2   90.00
496   2   90.00
497   2   90.00
498   2   90.00
499   2   90.00
500   2   90.00
501   2   90.00
502   2   90.00
503   2   90.00
504   2   90.00
505   2   90.00
506   2   90.00
507   2   90.00
508   2   90.00
509   3   90.00
510   3   90.00
511   3   90.00
512   3   90.00
513   3   90.00
514   3   90.00
515   3   90.00
516   3   90.00
517   3   90.00
518   3   90.00
519   3   90.00
520   3   90.00
521   3   90.00
522   3   90.00
523   6    0.00
524   6    0.00
525   6    0.00
526   6    0.00
527   6    0.00
528   6    0.00
529   5    0.00
530   5    0.00
531   5    0.00
532   5    0.00
533   5    0.00
534   5    0.00
535   4    0.00
536   4    0.00
537   4    0.00
538   4    0.00
539   4    0.00
540   4    0.00
541   5    0.00
542   5    0.00
543   5    0.00
544   5    0.00
545   5    0.00
546   5    0.00
547   4    0.00
548   4    0.00
549   4    0.00
550   4    0.00
551   4    0.00
552   4    0.00
553   2  270.00
554   2  270.00
555   2  270.00
556   2  270.00
557   2  270.00
558   2  270.00
559   2  270.00
560   2  270.00
561   2  270.00
562   2  270.00
563   2  270.00
564   2  270.00
565   2  270.00
566   2  270.00
567   2   90.00
568   2   90.00
569   2   90.00
570   2   90.00
571   2   90.00
572   2   90.00
573   2   90.00
574   2   90.00
575   2   90.00
576   2   90.00
577   2   90.00
578   2   90.00
579   2   90.00
580   2   90.00
581   6  180.00
582   6  180.00
583   6  180.00
584   6  180.00
585   6  180.00
586   6  180.00
587   1  180.00
588   1  180.00
589   1  180.00
590   1  180.00
591   1  180.00
592   1  180.00
593   1  180.00
594   1  180.00
595   1  180.00
596   1  180.00
597   1  180.00
598   1  180.00
599   6  180.00
600   6  180.00
601   6  180.00
602   6  180.00
603   6  180.00
604   6  180.00
605   5  180.00
606   5  180.00
607   5  180.00
608   5  180.00
609   5  180.00
610   5  180.00
611   4  180.00
612   4  180.00
613   4  180.00
614   4  180.00
615   4  180.00
616   4  180.00
617   5  180.00
618   5  180.00
619   5  180.00
620   5  180.00
621   5  180.00
622   5  180.00
623   4  180.00
624   4  180.00
625   4  180.00
626   4  180.00
627   4  180.00
628   4  180.00

1    1     0.00
2    2    45.00
3    2   -45.00
4    3    45.00
5    3   -45.00
6    3     0.00
7    4     0.00

1   1   # E-LT-5500/EP-3
4.18000e+10   1.40000e+10   1.40000e+10
2.63000e+09   2.63000e+09   2.63000e+09
2.80000e-01   2.80000e-01   2.80000e-01
1.92000e+03

2   1   # Saertex/EP-3
1.36000e+10   1.33000e+10   1.33000e+10
1.18000e+10   1.18000e+10   1.18000e+10
5.10000e-01   5.10000e-01   5.10000e-01
1.78000e+03

3   1   # SNL Triax
2.77000e+10   1.36500e+10   1.36500e+10
7.20000e+09   7.20000e+09   7.20000e+09
3.90000e-01   3.90000e-01   3.90000e-01
1.85000e+03

4   0   # Foam
2.56000e+08   3.00000e-01
2.00000e+02

