1 7
1 0 0    # Timoshenko_flag  recover_flag  thermal_flag
1 0 0 0  # curve_flag  oblique_flag  trapeze_flag  Vlasov_flag
-0.00211 0.0 0.0

638 556 4   # nnode  nelem  nmate   (where: nnode = total number of nodes, nelem = total number of elements, nmate = total number of material types)

  1    -0.75000000     0.36400000
  2     0.75000000     0.36400000
  3    -0.75000000     0.38100000
  4     0.75000000     0.38100000
  5    -0.75000000    -0.36400000
  6     0.75000000    -0.36400000
  7    -0.75000000    -0.39800000
  8     0.75000000    -0.39800000
  9    -0.75000000    -0.38100000
 10     0.75000000    -0.38100000
 11    -0.83300000     0.39800000
 12    -0.75300000     0.39800000
 13    -0.75300000    -0.39800000
 14    -0.83300000    -0.39800000
 15    -0.75262500     0.39800000
 16    -0.75262500    -0.39800000
 17    -0.75225000     0.39800000
 18    -0.75225000    -0.39800000
 19    -0.75187500     0.39800000
 20    -0.75187500    -0.39800000
 21    -0.75150000     0.39800000
 22    -0.75150000    -0.39800000
 23    -0.75112500     0.39800000
 24    -0.75112500    -0.39800000
 25    -0.75075000     0.39800000
 26    -0.75075000    -0.39800000
 27    -0.75037500     0.39800000
 28    -0.75037500    -0.39800000
 29     0.75037500     0.39800000
 30     0.75075000     0.39800000
 31     0.75075000    -0.39800000
 32     0.75037500    -0.39800000
 33     0.75112500     0.39800000
 34     0.75112500    -0.39800000
 35     0.75150000     0.39800000
 36     0.75150000    -0.39800000
 37     0.75187500     0.39800000
 38     0.75187500    -0.39800000
 39     0.75225000     0.39800000
 40     0.75225000    -0.39800000
 41     0.75262500     0.39800000
 42     0.75262500    -0.39800000
 43     0.75300000     0.39800000
 44     0.75300000    -0.39800000
 45     0.83300000     0.39800000
 46     0.83300000    -0.39800000
 47     0.83337500     0.39800000
 48     0.83337500    -0.39800000
 49     0.83375000     0.39800000
 50     0.83375000    -0.39800000
 51     0.83412500     0.39800000
 52     0.83412500    -0.39800000
 53     0.83450000     0.39800000
 54     0.83450000    -0.39800000
 55     0.83487500     0.39800000
 56     0.83487500    -0.39800000
 57     0.83525000     0.39800000
 58     0.83525000    -0.39800000
 59     0.83562500     0.39800000
 60     0.83562500    -0.39800000
 61     0.83600000     0.39800000
 62     0.83600000    -0.39800000
 63    -0.83337500    -0.39800000
 64    -0.83337500     0.39800000
 65    -0.83375000    -0.39800000
 66    -0.83375000     0.39800000
 67    -0.83412500    -0.39800000
 68    -0.83450000    -0.39800000
 69    -0.83450000     0.39800000
 70    -0.83412500     0.39800000
 71    -0.83487500    -0.39800000
 72    -0.83487500     0.39800000
 73    -0.83525000    -0.39800000
 74    -0.83562500    -0.39800000
 75    -0.83562500     0.39800000
 76    -0.83525000     0.39800000
 77    -0.83600000    -0.39800000
 78    -0.83600000     0.39800000
 79     0.75000000     0.39800000
 80    -0.75000000     0.39800000
 81    -0.50000000     0.36400000
 82    -0.25000000     0.36400000
 83     0.00000000     0.36400000
 84     0.25000000     0.36400000
 85     0.50000000     0.36400000
 86    -0.50000000     0.38100000
 87    -0.25000000     0.38100000
 88     0.00000000     0.38100000
 89     0.25000000     0.38100000
 90     0.50000000     0.38100000
 91    -0.50000000     0.39800000
 92    -0.25000000     0.39800000
 93     0.00000000     0.39800000
 94     0.25000000     0.39800000
 95     0.50000000     0.39800000
 96    -0.50000000    -0.36400000
 97    -0.25000000    -0.36400000
 98     0.00000000    -0.36400000
 99     0.25000000    -0.36400000
100     0.50000000    -0.36400000
101    -0.50000000    -0.39800000
102    -0.25000000    -0.39800000
103     0.00000000    -0.39800000
104     0.25000000    -0.39800000
105     0.50000000    -0.39800000
106    -0.50000000    -0.38100000
107    -0.25000000    -0.38100000
108     0.00000000    -0.38100000
109     0.25000000    -0.38100000
110     0.50000000    -0.38100000
111    -0.80633333     0.39800000
112    -0.77966667     0.39800000
113    -0.75300000     0.34114286
114    -0.75300000     0.28428571
115    -0.75300000     0.22742857
116    -0.75300000     0.17057143
117    -0.75300000     0.11371429
118    -0.75300000     0.05685714
119    -0.75300000    -0.00000000
120    -0.75300000    -0.05685714
121    -0.75300000    -0.11371429
122    -0.75300000    -0.17057143
123    -0.75300000    -0.22742857
124    -0.75300000    -0.28428571
125    -0.75300000    -0.34114286
126    -0.77966667    -0.39800000
127    -0.80633333    -0.39800000
128    -0.83300000     0.34114286
129    -0.83300000     0.28428571
130    -0.83300000     0.22742857
131    -0.83300000     0.17057143
132    -0.83300000     0.11371429
133    -0.83300000     0.05685714
134    -0.83300000    -0.00000000
135    -0.83300000    -0.05685714
136    -0.83300000    -0.11371429
137    -0.83300000    -0.17057143
138    -0.83300000    -0.22742857
139    -0.83300000    -0.28428571
140    -0.83300000    -0.34114286
141    -0.75262500     0.34114286
142    -0.75262500     0.28428571
143    -0.75262500     0.22742857
144    -0.75262500     0.17057143
145    -0.75262500     0.11371429
146    -0.75262500     0.05685714
147    -0.75262500    -0.00000000
148    -0.75262500    -0.05685714
149    -0.75262500    -0.11371429
150    -0.75262500    -0.17057143
151    -0.75262500    -0.22742857
152    -0.75262500    -0.28428571
153    -0.75262500    -0.34114286
154    -0.75225000     0.34114286
155    -0.75225000     0.28428571
156    -0.75225000     0.22742857
157    -0.75225000     0.17057143
158    -0.75225000     0.11371429
159    -0.75225000     0.05685714
160    -0.75225000    -0.00000000
161    -0.75225000    -0.05685714
162    -0.75225000    -0.11371429
163    -0.75225000    -0.17057143
164    -0.75225000    -0.22742857
165    -0.75225000    -0.28428571
166    -0.75225000    -0.34114286
167    -0.75187500     0.34114286
168    -0.75187500     0.28428571
169    -0.75187500     0.22742857
170    -0.75187500     0.17057143
171    -0.75187500     0.11371429
172    -0.75187500     0.05685714
173    -0.75187500    -0.00000000
174    -0.75187500    -0.05685714
175    -0.75187500    -0.11371429
176    -0.75187500    -0.17057143
177    -0.75187500    -0.22742857
178    -0.75187500    -0.28428571
179    -0.75187500    -0.34114286
180    -0.75150000     0.34114286
181    -0.75150000     0.28428571
182    -0.75150000     0.22742857
183    -0.75150000     0.17057143
184    -0.75150000     0.11371429
185    -0.75150000     0.05685714
186    -0.75150000    -0.00000000
187    -0.75150000    -0.05685714
188    -0.75150000    -0.11371429
189    -0.75150000    -0.17057143
190    -0.75150000    -0.22742857
191    -0.75150000    -0.28428571
192    -0.75150000    -0.34114286
193    -0.75112500     0.34114286
194    -0.75112500     0.28428571
195    -0.75112500     0.22742857
196    -0.75112500     0.17057143
197    -0.75112500     0.11371429
198    -0.75112500     0.05685714
199    -0.75112500    -0.00000000
200    -0.75112500    -0.05685714
201    -0.75112500    -0.11371429
202    -0.75112500    -0.17057143
203    -0.75112500    -0.22742857
204    -0.75112500    -0.28428571
205    -0.75112500    -0.34114286
206    -0.75075000     0.34114286
207    -0.75075000     0.28428571
208    -0.75075000     0.22742857
209    -0.75075000     0.17057143
210    -0.75075000     0.11371429
211    -0.75075000     0.05685714
212    -0.75075000    -0.00000000
213    -0.75075000    -0.05685714
214    -0.75075000    -0.11371429
215    -0.75075000    -0.17057143
216    -0.75075000    -0.22742857
217    -0.75075000    -0.28428571
218    -0.75075000    -0.34114286
219    -0.75037500     0.34114286
220    -0.75037500     0.28428571
221    -0.75037500     0.22742857
222    -0.75037500     0.17057143
223    -0.75037500     0.11371429
224    -0.75037500     0.05685714
225    -0.75037500    -0.00000000
226    -0.75037500    -0.05685714
227    -0.75037500    -0.11371429
228    -0.75037500    -0.17057143
229    -0.75037500    -0.22742857
230    -0.75037500    -0.28428571
231    -0.75037500    -0.34114286
232     0.75075000     0.34114286
233     0.75075000     0.28428571
234     0.75075000     0.22742857
235     0.75075000     0.17057143
236     0.75075000     0.11371429
237     0.75075000     0.05685714
238     0.75075000    -0.00000000
239     0.75075000    -0.05685714
240     0.75075000    -0.11371429
241     0.75075000    -0.17057143
242     0.75075000    -0.22742857
243     0.75075000    -0.28428571
244     0.75075000    -0.34114286
245     0.75037500     0.34114286
246     0.75037500     0.28428571
247     0.75037500     0.22742857
248     0.75037500     0.17057143
249     0.75037500     0.11371429
250     0.75037500     0.05685714
251     0.75037500    -0.00000000
252     0.75037500    -0.05685714
253     0.75037500    -0.11371429
254     0.75037500    -0.17057143
255     0.75037500    -0.22742857
256     0.75037500    -0.28428571
257     0.75037500    -0.34114286
258     0.75112500     0.34114286
259     0.75112500     0.28428571
260     0.75112500     0.22742857
261     0.75112500     0.17057143
262     0.75112500     0.11371429
263     0.75112500     0.05685714
264     0.75112500    -0.00000000
265     0.75112500    -0.05685714
266     0.75112500    -0.11371429
267     0.75112500    -0.17057143
268     0.75112500    -0.22742857
269     0.75112500    -0.28428571
270     0.75112500    -0.34114286
271     0.75150000     0.34114286
272     0.75150000     0.28428571
273     0.75150000     0.22742857
274     0.75150000     0.17057143
275     0.75150000     0.11371429
276     0.75150000     0.05685714
277     0.75150000    -0.00000000
278     0.75150000    -0.05685714
279     0.75150000    -0.11371429
280     0.75150000    -0.17057143
281     0.75150000    -0.22742857
282     0.75150000    -0.28428571
283     0.75150000    -0.34114286
284     0.75187500     0.34114286
285     0.75187500     0.28428571
286     0.75187500     0.22742857
287     0.75187500     0.17057143
288     0.75187500     0.11371429
289     0.75187500     0.05685714
290     0.75187500    -0.00000000
291     0.75187500    -0.05685714
292     0.75187500    -0.11371429
293     0.75187500    -0.17057143
294     0.75187500    -0.22742857
295     0.75187500    -0.28428571
296     0.75187500    -0.34114286
297     0.75225000     0.34114286
298     0.75225000     0.28428571
299     0.75225000     0.22742857
300     0.75225000     0.17057143
301     0.75225000     0.11371429
302     0.75225000     0.05685714
303     0.75225000    -0.00000000
304     0.75225000    -0.05685714
305     0.75225000    -0.11371429
306     0.75225000    -0.17057143
307     0.75225000    -0.22742857
308     0.75225000    -0.28428571
309     0.75225000    -0.34114286
310     0.75262500     0.34114286
311     0.75262500     0.28428571
312     0.75262500     0.22742857
313     0.75262500     0.17057143
314     0.75262500     0.11371429
315     0.75262500     0.05685714
316     0.75262500    -0.00000000
317     0.75262500    -0.05685714
318     0.75262500    -0.11371429
319     0.75262500    -0.17057143
320     0.75262500    -0.22742857
321     0.75262500    -0.28428571
322     0.75262500    -0.34114286
323     0.75300000     0.34114286
324     0.75300000     0.28428571
325     0.75300000     0.22742857
326     0.75300000     0.17057143
327     0.75300000     0.11371429
328     0.75300000     0.05685714
329     0.75300000    -0.00000000
330     0.75300000    -0.05685714
331     0.75300000    -0.11371429
332     0.75300000    -0.17057143
333     0.75300000    -0.22742857
334     0.75300000    -0.28428571
335     0.75300000    -0.34114286
336     0.77966667     0.39800000
337     0.80633333     0.39800000
338     0.83300000     0.34114286
339     0.83300000     0.28428571
340     0.83300000     0.22742857
341     0.83300000     0.17057143
342     0.83300000     0.11371429
343     0.83300000     0.05685714
344     0.83300000    -0.00000000
345     0.83300000    -0.05685714
346     0.83300000    -0.11371429
347     0.83300000    -0.17057143
348     0.83300000    -0.22742857
349     0.83300000    -0.28428571
350     0.83300000    -0.34114286
351     0.77966667    -0.39800000
352     0.80633333    -0.39800000
353     0.83337500     0.34114286
354     0.83337500     0.28428571
355     0.83337500     0.22742857
356     0.83337500     0.17057143
357     0.83337500     0.11371429
358     0.83337500     0.05685714
359     0.83337500    -0.00000000
360     0.83337500    -0.05685714
361     0.83337500    -0.11371429
362     0.83337500    -0.17057143
363     0.83337500    -0.22742857
364     0.83337500    -0.28428571
365     0.83337500    -0.34114286
366     0.83375000     0.34114286
367     0.83375000     0.28428571
368     0.83375000     0.22742857
369     0.83375000     0.17057143
370     0.83375000     0.11371429
371     0.83375000     0.05685714
372     0.83375000    -0.00000000
373     0.83375000    -0.05685714
374     0.83375000    -0.11371429
375     0.83375000    -0.17057143
376     0.83375000    -0.22742857
377     0.83375000    -0.28428571
378     0.83375000    -0.34114286
379     0.83412500     0.34114286
380     0.83412500     0.28428571
381     0.83412500     0.22742857
382     0.83412500     0.17057143
383     0.83412500     0.11371429
384     0.83412500     0.05685714
385     0.83412500    -0.00000000
386     0.83412500    -0.05685714
387     0.83412500    -0.11371429
388     0.83412500    -0.17057143
389     0.83412500    -0.22742857
390     0.83412500    -0.28428571
391     0.83412500    -0.34114286
392     0.83450000     0.34114286
393     0.83450000     0.28428571
394     0.83450000     0.22742857
395     0.83450000     0.17057143
396     0.83450000     0.11371429
397     0.83450000     0.05685714
398     0.83450000    -0.00000000
399     0.83450000    -0.05685714
400     0.83450000    -0.11371429
401     0.83450000    -0.17057143
402     0.83450000    -0.22742857
403     0.83450000    -0.28428571
404     0.83450000    -0.34114286
405     0.83487500     0.34114286
406     0.83487500     0.28428571
407     0.83487500     0.22742857
408     0.83487500     0.17057143
409     0.83487500     0.11371429
410     0.83487500     0.05685714
411     0.83487500    -0.00000000
412     0.83487500    -0.05685714
413     0.83487500    -0.11371429
414     0.83487500    -0.17057143
415     0.83487500    -0.22742857
416     0.83487500    -0.28428571
417     0.83487500    -0.34114286
418     0.83525000     0.34114286
419     0.83525000     0.28428571
420     0.83525000     0.22742857
421     0.83525000     0.17057143
422     0.83525000     0.11371429
423     0.83525000     0.05685714
424     0.83525000    -0.00000000
425     0.83525000    -0.05685714
426     0.83525000    -0.11371429
427     0.83525000    -0.17057143
428     0.83525000    -0.22742857
429     0.83525000    -0.28428571
430     0.83525000    -0.34114286
431     0.83562500     0.34114286
432     0.83562500     0.28428571
433     0.83562500     0.22742857
434     0.83562500     0.17057143
435     0.83562500     0.11371429
436     0.83562500     0.05685714
437     0.83562500    -0.00000000
438     0.83562500    -0.05685714
439     0.83562500    -0.11371429
440     0.83562500    -0.17057143
441     0.83562500    -0.22742857
442     0.83562500    -0.28428571
443     0.83562500    -0.34114286
444     0.83600000     0.34114286
445     0.83600000     0.28428571
446     0.83600000     0.22742857
447     0.83600000     0.17057143
448     0.83600000     0.11371429
449     0.83600000     0.05685714
450     0.83600000    -0.00000000
451     0.83600000    -0.05685714
452     0.83600000    -0.11371429
453     0.83600000    -0.17057143
454     0.83600000    -0.22742857
455     0.83600000    -0.28428571
456     0.83600000    -0.34114286
457    -0.83337500     0.34114286
458    -0.83337500     0.28428571
459    -0.83337500     0.22742857
460    -0.83337500     0.17057143
461    -0.83337500     0.11371429
462    -0.83337500     0.05685714
463    -0.83337500    -0.00000000
464    -0.83337500    -0.05685714
465    -0.83337500    -0.11371429
466    -0.83337500    -0.17057143
467    -0.83337500    -0.22742857
468    -0.83337500    -0.28428571
469    -0.83337500    -0.34114286
470    -0.83375000     0.34114286
471    -0.83375000     0.28428571
472    -0.83375000     0.22742857
473    -0.83375000     0.17057143
474    -0.83375000     0.11371429
475    -0.83375000     0.05685714
476    -0.83375000    -0.00000000
477    -0.83375000    -0.05685714
478    -0.83375000    -0.11371429
479    -0.83375000    -0.17057143
480    -0.83375000    -0.22742857
481    -0.83375000    -0.28428571
482    -0.83375000    -0.34114286
483    -0.83450000     0.34114286
484    -0.83450000     0.28428571
485    -0.83450000     0.22742857
486    -0.83450000     0.17057143
487    -0.83450000     0.11371429
488    -0.83450000     0.05685714
489    -0.83450000    -0.00000000
490    -0.83450000    -0.05685714
491    -0.83450000    -0.11371429
492    -0.83450000    -0.17057143
493    -0.83450000    -0.22742857
494    -0.83450000    -0.28428571
495    -0.83450000    -0.34114286
496    -0.83412500     0.34114286
497    -0.83412500     0.28428571
498    -0.83412500     0.22742857
499    -0.83412500     0.17057143
500    -0.83412500     0.11371429
501    -0.83412500     0.05685714
502    -0.83412500    -0.00000000
503    -0.83412500    -0.05685714
504    -0.83412500    -0.11371429
505    -0.83412500    -0.17057143
506    -0.83412500    -0.22742857
507    -0.83412500    -0.28428571
508    -0.83412500    -0.34114286
509    -0.83487500     0.34114286
510    -0.83487500     0.28428571
511    -0.83487500     0.22742857
512    -0.83487500     0.17057143
513    -0.83487500     0.11371429
514    -0.83487500     0.05685714
515    -0.83487500    -0.00000000
516    -0.83487500    -0.05685714
517    -0.83487500    -0.11371429
518    -0.83487500    -0.17057143
519    -0.83487500    -0.22742857
520    -0.83487500    -0.28428571
521    -0.83487500    -0.34114286
522    -0.83562500     0.34114286
523    -0.83562500     0.28428571
524    -0.83562500     0.22742857
525    -0.83562500     0.17057143
526    -0.83562500     0.11371429
527    -0.83562500     0.05685714
528    -0.83562500    -0.00000000
529    -0.83562500    -0.05685714
530    -0.83562500    -0.11371429
531    -0.83562500    -0.17057143
532    -0.83562500    -0.22742857
533    -0.83562500    -0.28428571
534    -0.83562500    -0.34114286
535    -0.83525000     0.34114286
536    -0.83525000     0.28428571
537    -0.83525000     0.22742857
538    -0.83525000     0.17057143
539    -0.83525000     0.11371429
540    -0.83525000     0.05685714
541    -0.83525000    -0.00000000
542    -0.83525000    -0.05685714
543    -0.83525000    -0.11371429
544    -0.83525000    -0.17057143
545    -0.83525000    -0.22742857
546    -0.83525000    -0.28428571
547    -0.83525000    -0.34114286
548    -0.83600000    -0.34114286
549    -0.83600000    -0.28428571
550    -0.83600000    -0.22742857
551    -0.83600000    -0.17057143
552    -0.83600000    -0.11371429
553    -0.83600000    -0.05685714
554    -0.83600000    -0.00000000
555    -0.83600000     0.05685714
556    -0.83600000     0.11371429
557    -0.83600000     0.17057143
558    -0.83600000     0.22742857
559    -0.83600000     0.28428571
560    -0.83600000     0.34114286
561     0.75000000     0.34114286
562     0.75000000     0.28428571
563     0.75000000     0.22742857
564     0.75000000     0.17057143
565     0.75000000     0.11371429
566     0.75000000     0.05685714
567     0.75000000    -0.00000000
568     0.75000000    -0.05685714
569     0.75000000    -0.11371429
570     0.75000000    -0.17057143
571     0.75000000    -0.22742857
572     0.75000000    -0.28428571
573     0.75000000    -0.34114286
574    -0.75000000     0.34114286
575    -0.75000000     0.28428571
576    -0.75000000     0.22742857
577    -0.75000000     0.17057143
578    -0.75000000     0.11371429
579    -0.75000000     0.05685714
580    -0.75000000    -0.00000000
581    -0.75000000    -0.05685714
582    -0.75000000    -0.11371429
583    -0.75000000    -0.17057143
584    -0.75000000    -0.22742857
585    -0.75000000    -0.28428571
586    -0.75000000    -0.34114286
587    -0.80633333     0.34114286
588    -0.77966667     0.34114286
589    -0.80633333     0.28428571
590    -0.77966667     0.28428571
591    -0.80633333     0.22742857
592    -0.77966667     0.22742857
593    -0.80633333     0.17057143
594    -0.77966667     0.17057143
595    -0.80633333     0.11371429
596    -0.77966667     0.11371429
597    -0.80633333     0.05685714
598    -0.77966667     0.05685714
599    -0.80633333    -0.00000000
600    -0.77966667    -0.00000000
601    -0.80633333    -0.05685714
602    -0.77966667    -0.05685714
603    -0.80633333    -0.11371429
604    -0.77966667    -0.11371429
605    -0.80633333    -0.17057143
606    -0.77966667    -0.17057143
607    -0.80633333    -0.22742857
608    -0.77966667    -0.22742857
609    -0.80633333    -0.28428571
610    -0.77966667    -0.28428571
611    -0.80633333    -0.34114286
612    -0.77966667    -0.34114286
613     0.77966667     0.34114286
614     0.80633333     0.34114286
615     0.77966667     0.28428571
616     0.80633333     0.28428571
617     0.77966667     0.22742857
618     0.80633333     0.22742857
619     0.77966667     0.17057143
620     0.80633333     0.17057143
621     0.77966667     0.11371429
622     0.80633333     0.11371429
623     0.77966667     0.05685714
624     0.80633333     0.05685714
625     0.77966667    -0.00000000
626     0.80633333    -0.00000000
627     0.77966667    -0.05685714
628     0.80633333    -0.05685714
629     0.77966667    -0.11371429
630     0.80633333    -0.11371429
631     0.77966667    -0.17057143
632     0.80633333    -0.17057143
633     0.77966667    -0.22742857
634     0.80633333    -0.22742857
635     0.77966667    -0.28428571
636     0.80633333    -0.28428571
637     0.77966667    -0.34114286
638     0.80633333    -0.34114286

  1    128  587  111   11    0    0    0    0    0
  2    587  588  112  111    0    0    0    0    0
  3    588  113   12  112    0    0    0    0    0
  4    129  589  587  128    0    0    0    0    0
  5    589  590  588  587    0    0    0    0    0
  6    590  114  113  588    0    0    0    0    0
  7    130  591  589  129    0    0    0    0    0
  8    591  592  590  589    0    0    0    0    0
  9    592  115  114  590    0    0    0    0    0
 10    131  593  591  130    0    0    0    0    0
 11    593  594  592  591    0    0    0    0    0
 12    594  116  115  592    0    0    0    0    0
 13    132  595  593  131    0    0    0    0    0
 14    595  596  594  593    0    0    0    0    0
 15    596  117  116  594    0    0    0    0    0
 16    133  597  595  132    0    0    0    0    0
 17    597  598  596  595    0    0    0    0    0
 18    598  118  117  596    0    0    0    0    0
 19    134  599  597  133    0    0    0    0    0
 20    599  600  598  597    0    0    0    0    0
 21    600  119  118  598    0    0    0    0    0
 22    135  601  599  134    0    0    0    0    0
 23    601  602  600  599    0    0    0    0    0
 24    602  120  119  600    0    0    0    0    0
 25    136  603  601  135    0    0    0    0    0
 26    603  604  602  601    0    0    0    0    0
 27    604  121  120  602    0    0    0    0    0
 28    137  605  603  136    0    0    0    0    0
 29    605  606  604  603    0    0    0    0    0
 30    606  122  121  604    0    0    0    0    0
 31    138  607  605  137    0    0    0    0    0
 32    607  608  606  605    0    0    0    0    0
 33    608  123  122  606    0    0    0    0    0
 34    139  609  607  138    0    0    0    0    0
 35    609  610  608  607    0    0    0    0    0
 36    610  124  123  608    0    0    0    0    0
 37    140  611  609  139    0    0    0    0    0
 38    611  612  610  609    0    0    0    0    0
 39    612  125  124  610    0    0    0    0    0
 40     14  127  611  140    0    0    0    0    0
 41    127  126  612  611    0    0    0    0    0
 42    126   13  125  612    0    0    0    0    0
 43    113  141   15   12    0    0    0    0    0
 44    114  142  141  113    0    0    0    0    0
 45    115  143  142  114    0    0    0    0    0
 46    116  144  143  115    0    0    0    0    0
 47    117  145  144  116    0    0    0    0    0
 48    118  146  145  117    0    0    0    0    0
 49    119  147  146  118    0    0    0    0    0
 50    120  148  147  119    0    0    0    0    0
 51    121  149  148  120    0    0    0    0    0
 52    122  150  149  121    0    0    0    0    0
 53    123  151  150  122    0    0    0    0    0
 54    124  152  151  123    0    0    0    0    0
 55    125  153  152  124    0    0    0    0    0
 56     13   16  153  125    0    0    0    0    0
 57    141  154   17   15    0    0    0    0    0
 58    142  155  154  141    0    0    0    0    0
 59    143  156  155  142    0    0    0    0    0
 60    144  157  156  143    0    0    0    0    0
 61    145  158  157  144    0    0    0    0    0
 62    146  159  158  145    0    0    0    0    0
 63    147  160  159  146    0    0    0    0    0
 64    148  161  160  147    0    0    0    0    0
 65    149  162  161  148    0    0    0    0    0
 66    150  163  162  149    0    0    0    0    0
 67    151  164  163  150    0    0    0    0    0
 68    152  165  164  151    0    0    0    0    0
 69    153  166  165  152    0    0    0    0    0
 70     16   18  166  153    0    0    0    0    0
 71    154  167   19   17    0    0    0    0    0
 72    155  168  167  154    0    0    0    0    0
 73    156  169  168  155    0    0    0    0    0
 74    157  170  169  156    0    0    0    0    0
 75    158  171  170  157    0    0    0    0    0
 76    159  172  171  158    0    0    0    0    0
 77    160  173  172  159    0    0    0    0    0
 78    161  174  173  160    0    0    0    0    0
 79    162  175  174  161    0    0    0    0    0
 80    163  176  175  162    0    0    0    0    0
 81    164  177  176  163    0    0    0    0    0
 82    165  178  177  164    0    0    0    0    0
 83    166  179  178  165    0    0    0    0    0
 84     18   20  179  166    0    0    0    0    0
 85    167  180   21   19    0    0    0    0    0
 86    168  181  180  167    0    0    0    0    0
 87    169  182  181  168    0    0    0    0    0
 88    170  183  182  169    0    0    0    0    0
 89    171  184  183  170    0    0    0    0    0
 90    172  185  184  171    0    0    0    0    0
 91    173  186  185  172    0    0    0    0    0
 92    174  187  186  173    0    0    0    0    0
 93    175  188  187  174    0    0    0    0    0
 94    176  189  188  175    0    0    0    0    0
 95    177  190  189  176    0    0    0    0    0
 96    178  191  190  177    0    0    0    0    0
 97    179  192  191  178    0    0    0    0    0
 98     20   22  192  179    0    0    0    0    0
 99    180  193   23   21    0    0    0    0    0
100    181  194  193  180    0    0    0    0    0
101    182  195  194  181    0    0    0    0    0
102    183  196  195  182    0    0    0    0    0
103    184  197  196  183    0    0    0    0    0
104    185  198  197  184    0    0    0    0    0
105    186  199  198  185    0    0    0    0    0
106    187  200  199  186    0    0    0    0    0
107    188  201  200  187    0    0    0    0    0
108    189  202  201  188    0    0    0    0    0
109    190  203  202  189    0    0    0    0    0
110    191  204  203  190    0    0    0    0    0
111    192  205  204  191    0    0    0    0    0
112     22   24  205  192    0    0    0    0    0
113    193  206   25   23    0    0    0    0    0
114    194  207  206  193    0    0    0    0    0
115    195  208  207  194    0    0    0    0    0
116    196  209  208  195    0    0    0    0    0
117    197  210  209  196    0    0    0    0    0
118    198  211  210  197    0    0    0    0    0
119    199  212  211  198    0    0    0    0    0
120    200  213  212  199    0    0    0    0    0
121    201  214  213  200    0    0    0    0    0
122    202  215  214  201    0    0    0    0    0
123    203  216  215  202    0    0    0    0    0
124    204  217  216  203    0    0    0    0    0
125    205  218  217  204    0    0    0    0    0
126     24   26  218  205    0    0    0    0    0
127    206  219   27   25    0    0    0    0    0
128    207  220  219  206    0    0    0    0    0
129    208  221  220  207    0    0    0    0    0
130    209  222  221  208    0    0    0    0    0
131    210  223  222  209    0    0    0    0    0
132    211  224  223  210    0    0    0    0    0
133    212  225  224  211    0    0    0    0    0
134    213  226  225  212    0    0    0    0    0
135    214  227  226  213    0    0    0    0    0
136    215  228  227  214    0    0    0    0    0
137    216  229  228  215    0    0    0    0    0
138    217  230  229  216    0    0    0    0    0
139    218  231  230  217    0    0    0    0    0
140     26   28  231  218    0    0    0    0    0
141     85    2    4   90    0    0    0    0    0
142     84   85   90   89    0    0    0    0    0
143     83   84   89   88    0    0    0    0    0
144     82   83   88   87    0    0    0    0    0
145     81   82   87   86    0    0    0    0    0
146      1   81   86    3    0    0    0    0    0
147     90    4   79   95    0    0    0    0    0
148     89   90   95   94    0    0    0    0    0
149     88   89   94   93    0    0    0    0    0
150     87   88   93   92    0    0    0    0    0
151     86   87   92   91    0    0    0    0    0
152      3   86   91   80    0    0    0    0    0
153    245  232   30   29    0    0    0    0    0
154    246  233  232  245    0    0    0    0    0
155    247  234  233  246    0    0    0    0    0
156    248  235  234  247    0    0    0    0    0
157    249  236  235  248    0    0    0    0    0
158    250  237  236  249    0    0    0    0    0
159    251  238  237  250    0    0    0    0    0
160    252  239  238  251    0    0    0    0    0
161    253  240  239  252    0    0    0    0    0
162    254  241  240  253    0    0    0    0    0
163    255  242  241  254    0    0    0    0    0
164    256  243  242  255    0    0    0    0    0
165    257  244  243  256    0    0    0    0    0
166     32   31  244  257    0    0    0    0    0
167    232  258   33   30    0    0    0    0    0
168    233  259  258  232    0    0    0    0    0
169    234  260  259  233    0    0    0    0    0
170    235  261  260  234    0    0    0    0    0
171    236  262  261  235    0    0    0    0    0
172    237  263  262  236    0    0    0    0    0
173    238  264  263  237    0    0    0    0    0
174    239  265  264  238    0    0    0    0    0
175    240  266  265  239    0    0    0    0    0
176    241  267  266  240    0    0    0    0    0
177    242  268  267  241    0    0    0    0    0
178    243  269  268  242    0    0    0    0    0
179    244  270  269  243    0    0    0    0    0
180     31   34  270  244    0    0    0    0    0
181    258  271   35   33    0    0    0    0    0
182    259  272  271  258    0    0    0    0    0
183    260  273  272  259    0    0    0    0    0
184    261  274  273  260    0    0    0    0    0
185    262  275  274  261    0    0    0    0    0
186    263  276  275  262    0    0    0    0    0
187    264  277  276  263    0    0    0    0    0
188    265  278  277  264    0    0    0    0    0
189    266  279  278  265    0    0    0    0    0
190    267  280  279  266    0    0    0    0    0
191    268  281  280  267    0    0    0    0    0
192    269  282  281  268    0    0    0    0    0
193    270  283  282  269    0    0    0    0    0
194     34   36  283  270    0    0    0    0    0
195    271  284   37   35    0    0    0    0    0
196    272  285  284  271    0    0    0    0    0
197    273  286  285  272    0    0    0    0    0
198    274  287  286  273    0    0    0    0    0
199    275  288  287  274    0    0    0    0    0
200    276  289  288  275    0    0    0    0    0
201    277  290  289  276    0    0    0    0    0
202    278  291  290  277    0    0    0    0    0
203    279  292  291  278    0    0    0    0    0
204    280  293  292  279    0    0    0    0    0
205    281  294  293  280    0    0    0    0    0
206    282  295  294  281    0    0    0    0    0
207    283  296  295  282    0    0    0    0    0
208     36   38  296  283    0    0    0    0    0
209    284  297   39   37    0    0    0    0    0
210    285  298  297  284    0    0    0    0    0
211    286  299  298  285    0    0    0    0    0
212    287  300  299  286    0    0    0    0    0
213    288  301  300  287    0    0    0    0    0
214    289  302  301  288    0    0    0    0    0
215    290  303  302  289    0    0    0    0    0
216    291  304  303  290    0    0    0    0    0
217    292  305  304  291    0    0    0    0    0
218    293  306  305  292    0    0    0    0    0
219    294  307  306  293    0    0    0    0    0
220    295  308  307  294    0    0    0    0    0
221    296  309  308  295    0    0    0    0    0
222     38   40  309  296    0    0    0    0    0
223    297  310   41   39    0    0    0    0    0
224    298  311  310  297    0    0    0    0    0
225    299  312  311  298    0    0    0    0    0
226    300  313  312  299    0    0    0    0    0
227    301  314  313  300    0    0    0    0    0
228    302  315  314  301    0    0    0    0    0
229    303  316  315  302    0    0    0    0    0
230    304  317  316  303    0    0    0    0    0
231    305  318  317  304    0    0    0    0    0
232    306  319  318  305    0    0    0    0    0
233    307  320  319  306    0    0    0    0    0
234    308  321  320  307    0    0    0    0    0
235    309  322  321  308    0    0    0    0    0
236     40   42  322  309    0    0    0    0    0
237    310  323   43   41    0    0    0    0    0
238    311  324  323  310    0    0    0    0    0
239    312  325  324  311    0    0    0    0    0
240    313  326  325  312    0    0    0    0    0
241    314  327  326  313    0    0    0    0    0
242    315  328  327  314    0    0    0    0    0
243    316  329  328  315    0    0    0    0    0
244    317  330  329  316    0    0    0    0    0
245    318  331  330  317    0    0    0    0    0
246    319  332  331  318    0    0    0    0    0
247    320  333  332  319    0    0    0    0    0
248    321  334  333  320    0    0    0    0    0
249    322  335  334  321    0    0    0    0    0
250     42   44  335  322    0    0    0    0    0
251    323  613  336   43    0    0    0    0    0
252    613  614  337  336    0    0    0    0    0
253    614  338   45  337    0    0    0    0    0
254    324  615  613  323    0    0    0    0    0
255    615  616  614  613    0    0    0    0    0
256    616  339  338  614    0    0    0    0    0
257    325  617  615  324    0    0    0    0    0
258    617  618  616  615    0    0    0    0    0
259    618  340  339  616    0    0    0    0    0
260    326  619  617  325    0    0    0    0    0
261    619  620  618  617    0    0    0    0    0
262    620  341  340  618    0    0    0    0    0
263    327  621  619  326    0    0    0    0    0
264    621  622  620  619    0    0    0    0    0
265    622  342  341  620    0    0    0    0    0
266    328  623  621  327    0    0    0    0    0
267    623  624  622  621    0    0    0    0    0
268    624  343  342  622    0    0    0    0    0
269    329  625  623  328    0    0    0    0    0
270    625  626  624  623    0    0    0    0    0
271    626  344  343  624    0    0    0    0    0
272    330  627  625  329    0    0    0    0    0
273    627  628  626  625    0    0    0    0    0
274    628  345  344  626    0    0    0    0    0
275    331  629  627  330    0    0    0    0    0
276    629  630  628  627    0    0    0    0    0
277    630  346  345  628    0    0    0    0    0
278    332  631  629  331    0    0    0    0    0
279    631  632  630  629    0    0    0    0    0
280    632  347  346  630    0    0    0    0    0
281    333  633  631  332    0    0    0    0    0
282    633  634  632  631    0    0    0    0    0
283    634  348  347  632    0    0    0    0    0
284    334  635  633  333    0    0    0    0    0
285    635  636  634  633    0    0    0    0    0
286    636  349  348  634    0    0    0    0    0
287    335  637  635  334    0    0    0    0    0
288    637  638  636  635    0    0    0    0    0
289    638  350  349  636    0    0    0    0    0
290     44  351  637  335    0    0    0    0    0
291    351  352  638  637    0    0    0    0    0
292    352   46  350  638    0    0    0    0    0
293    338  353   47   45    0    0    0    0    0
294    339  354  353  338    0    0    0    0    0
295    340  355  354  339    0    0    0    0    0
296    341  356  355  340    0    0    0    0    0
297    342  357  356  341    0    0    0    0    0
298    343  358  357  342    0    0    0    0    0
299    344  359  358  343    0    0    0    0    0
300    345  360  359  344    0    0    0    0    0
301    346  361  360  345    0    0    0    0    0
302    347  362  361  346    0    0    0    0    0
303    348  363  362  347    0    0    0    0    0
304    349  364  363  348    0    0    0    0    0
305    350  365  364  349    0    0    0    0    0
306     46   48  365  350    0    0    0    0    0
307    353  366   49   47    0    0    0    0    0
308    354  367  366  353    0    0    0    0    0
309    355  368  367  354    0    0    0    0    0
310    356  369  368  355    0    0    0    0    0
311    357  370  369  356    0    0    0    0    0
312    358  371  370  357    0    0    0    0    0
313    359  372  371  358    0    0    0    0    0
314    360  373  372  359    0    0    0    0    0
315    361  374  373  360    0    0    0    0    0
316    362  375  374  361    0    0    0    0    0
317    363  376  375  362    0    0    0    0    0
318    364  377  376  363    0    0    0    0    0
319    365  378  377  364    0    0    0    0    0
320     48   50  378  365    0    0    0    0    0
321    366  379   51   49    0    0    0    0    0
322    367  380  379  366    0    0    0    0    0
323    368  381  380  367    0    0    0    0    0
324    369  382  381  368    0    0    0    0    0
325    370  383  382  369    0    0    0    0    0
326    371  384  383  370    0    0    0    0    0
327    372  385  384  371    0    0    0    0    0
328    373  386  385  372    0    0    0    0    0
329    374  387  386  373    0    0    0    0    0
330    375  388  387  374    0    0    0    0    0
331    376  389  388  375    0    0    0    0    0
332    377  390  389  376    0    0    0    0    0
333    378  391  390  377    0    0    0    0    0
334     50   52  391  378    0    0    0    0    0
335    379  392   53   51    0    0    0    0    0
336    380  393  392  379    0    0    0    0    0
337    381  394  393  380    0    0    0    0    0
338    382  395  394  381    0    0    0    0    0
339    383  396  395  382    0    0    0    0    0
340    384  397  396  383    0    0    0    0    0
341    385  398  397  384    0    0    0    0    0
342    386  399  398  385    0    0    0    0    0
343    387  400  399  386    0    0    0    0    0
344    388  401  400  387    0    0    0    0    0
345    389  402  401  388    0    0    0    0    0
346    390  403  402  389    0    0    0    0    0
347    391  404  403  390    0    0    0    0    0
348     52   54  404  391    0    0    0    0    0
349    392  405   55   53    0    0    0    0    0
350    393  406  405  392    0    0    0    0    0
351    394  407  406  393    0    0    0    0    0
352    395  408  407  394    0    0    0    0    0
353    396  409  408  395    0    0    0    0    0
354    397  410  409  396    0    0    0    0    0
355    398  411  410  397    0    0    0    0    0
356    399  412  411  398    0    0    0    0    0
357    400  413  412  399    0    0    0    0    0
358    401  414  413  400    0    0    0    0    0
359    402  415  414  401    0    0    0    0    0
360    403  416  415  402    0    0    0    0    0
361    404  417  416  403    0    0    0    0    0
362     54   56  417  404    0    0    0    0    0
363    405  418   57   55    0    0    0    0    0
364    406  419  418  405    0    0    0    0    0
365    407  420  419  406    0    0    0    0    0
366    408  421  420  407    0    0    0    0    0
367    409  422  421  408    0    0    0    0    0
368    410  423  422  409    0    0    0    0    0
369    411  424  423  410    0    0    0    0    0
370    412  425  424  411    0    0    0    0    0
371    413  426  425  412    0    0    0    0    0
372    414  427  426  413    0    0    0    0    0
373    415  428  427  414    0    0    0    0    0
374    416  429  428  415    0    0    0    0    0
375    417  430  429  416    0    0    0    0    0
376     56   58  430  417    0    0    0    0    0
377    418  431   59   57    0    0    0    0    0
378    419  432  431  418    0    0    0    0    0
379    420  433  432  419    0    0    0    0    0
380    421  434  433  420    0    0    0    0    0
381    422  435  434  421    0    0    0    0    0
382    423  436  435  422    0    0    0    0    0
383    424  437  436  423    0    0    0    0    0
384    425  438  437  424    0    0    0    0    0
385    426  439  438  425    0    0    0    0    0
386    427  440  439  426    0    0    0    0    0
387    428  441  440  427    0    0    0    0    0
388    429  442  441  428    0    0    0    0    0
389    430  443  442  429    0    0    0    0    0
390     58   60  443  430    0    0    0    0    0
391    431  444   61   59    0    0    0    0    0
392    432  445  444  431    0    0    0    0    0
393    433  446  445  432    0    0    0    0    0
394    434  447  446  433    0    0    0    0    0
395    435  448  447  434    0    0    0    0    0
396    436  449  448  435    0    0    0    0    0
397    437  450  449  436    0    0    0    0    0
398    438  451  450  437    0    0    0    0    0
399    439  452  451  438    0    0    0    0    0
400    440  453  452  439    0    0    0    0    0
401    441  454  453  440    0    0    0    0    0
402    442  455  454  441    0    0    0    0    0
403    443  456  455  442    0    0    0    0    0
404     60   62  456  443    0    0    0    0    0
405     63   14  140  469    0    0    0    0    0
406    469  140  139  468    0    0    0    0    0
407    468  139  138  467    0    0    0    0    0
408    467  138  137  466    0    0    0    0    0
409    466  137  136  465    0    0    0    0    0
410    465  136  135  464    0    0    0    0    0
411    464  135  134  463    0    0    0    0    0
412    463  134  133  462    0    0    0    0    0
413    462  133  132  461    0    0    0    0    0
414    461  132  131  460    0    0    0    0    0
415    460  131  130  459    0    0    0    0    0
416    459  130  129  458    0    0    0    0    0
417    458  129  128  457    0    0    0    0    0
418    457  128   11   64    0    0    0    0    0
419     65   63  469  482    0    0    0    0    0
420    482  469  468  481    0    0    0    0    0
421    481  468  467  480    0    0    0    0    0
422    480  467  466  479    0    0    0    0    0
423    479  466  465  478    0    0    0    0    0
424    478  465  464  477    0    0    0    0    0
425    477  464  463  476    0    0    0    0    0
426    476  463  462  475    0    0    0    0    0
427    475  462  461  474    0    0    0    0    0
428    474  461  460  473    0    0    0    0    0
429    473  460  459  472    0    0    0    0    0
430    472  459  458  471    0    0    0    0    0
431    471  458  457  470    0    0    0    0    0
432    470  457   64   66    0    0    0    0    0
433     68   67  508  495    0    0    0    0    0
434    495  508  507  494    0    0    0    0    0
435    494  507  506  493    0    0    0    0    0
436    493  506  505  492    0    0    0    0    0
437    492  505  504  491    0    0    0    0    0
438    491  504  503  490    0    0    0    0    0
439    490  503  502  489    0    0    0    0    0
440    489  502  501  488    0    0    0    0    0
441    488  501  500  487    0    0    0    0    0
442    487  500  499  486    0    0    0    0    0
443    486  499  498  485    0    0    0    0    0
444    485  498  497  484    0    0    0    0    0
445    484  497  496  483    0    0    0    0    0
446    483  496   70   69    0    0    0    0    0
447     71   68  495  521    0    0    0    0    0
448    521  495  494  520    0    0    0    0    0
449    520  494  493  519    0    0    0    0    0
450    519  493  492  518    0    0    0    0    0
451    518  492  491  517    0    0    0    0    0
452    517  491  490  516    0    0    0    0    0
453    516  490  489  515    0    0    0    0    0
454    515  489  488  514    0    0    0    0    0
455    514  488  487  513    0    0    0    0    0
456    513  487  486  512    0    0    0    0    0
457    512  486  485  511    0    0    0    0    0
458    511  485  484  510    0    0    0    0    0
459    510  484  483  509    0    0    0    0    0
460    509  483   69   72    0    0    0    0    0
461     74   73  547  534    0    0    0    0    0
462    534  547  546  533    0    0    0    0    0
463    533  546  545  532    0    0    0    0    0
464    532  545  544  531    0    0    0    0    0
465    531  544  543  530    0    0    0    0    0
466    530  543  542  529    0    0    0    0    0
467    529  542  541  528    0    0    0    0    0
468    528  541  540  527    0    0    0    0    0
469    527  540  539  526    0    0    0    0    0
470    526  539  538  525    0    0    0    0    0
471    525  538  537  524    0    0    0    0    0
472    524  537  536  523    0    0    0    0    0
473    523  536  535  522    0    0    0    0    0
474    522  535   76   75    0    0    0    0    0
475     77   74  534  548    0    0    0    0    0
476    548  534  533  549    0    0    0    0    0
477    549  533  532  550    0    0    0    0    0
478    550  532  531  551    0    0    0    0    0
479    551  531  530  552    0    0    0    0    0
480    552  530  529  553    0    0    0    0    0
481    553  529  528  554    0    0    0    0    0
482    554  528  527  555    0    0    0    0    0
483    555  527  526  556    0    0    0    0    0
484    556  526  525  557    0    0    0    0    0
485    557  525  524  558    0    0    0    0    0
486    558  524  523  559    0    0    0    0    0
487    559  523  522  560    0    0    0    0    0
488    560  522   75   78    0    0    0    0    0
489     67   65  482  508    0    0    0    0    0
490    508  482  481  507    0    0    0    0    0
491    507  481  480  506    0    0    0    0    0
492    506  480  479  505    0    0    0    0    0
493    505  479  478  504    0    0    0    0    0
494    504  478  477  503    0    0    0    0    0
495    503  477  476  502    0    0    0    0    0
496    502  476  475  501    0    0    0    0    0
497    501  475  474  500    0    0    0    0    0
498    500  474  473  499    0    0    0    0    0
499    499  473  472  498    0    0    0    0    0
500    498  472  471  497    0    0    0    0    0
501    497  471  470  496    0    0    0    0    0
502    496  470   66   70    0    0    0    0    0
503    535  509   72   76    0    0    0    0    0
504    536  510  509  535    0    0    0    0    0
505    537  511  510  536    0    0    0    0    0
506    538  512  511  537    0    0    0    0    0
507    539  513  512  538    0    0    0    0    0
508    540  514  513  539    0    0    0    0    0
509    541  515  514  540    0    0    0    0    0
510    542  516  515  541    0    0    0    0    0
511    543  517  516  542    0    0    0    0    0
512    544  518  517  543    0    0    0    0    0
513    545  519  518  544    0    0    0    0    0
514    546  520  519  545    0    0    0    0    0
515    547  521  520  546    0    0    0    0    0
516     73   71  521  547    0    0    0    0    0
517    561  245   29   79    0    0    0    0    0
518    562  246  245  561    0    0    0    0    0
519    563  247  246  562    0    0    0    0    0
520    564  248  247  563    0    0    0    0    0
521    565  249  248  564    0    0    0    0    0
522    566  250  249  565    0    0    0    0    0
523    567  251  250  566    0    0    0    0    0
524    568  252  251  567    0    0    0    0    0
525    569  253  252  568    0    0    0    0    0
526    570  254  253  569    0    0    0    0    0
527    571  255  254  570    0    0    0    0    0
528    572  256  255  571    0    0    0    0    0
529    573  257  256  572    0    0    0    0    0
530      8   32  257  573    0    0    0    0    0
531    219  574   80   27    0    0    0    0    0
532    220  575  574  219    0    0    0    0    0
533    221  576  575  220    0    0    0    0    0
534    222  577  576  221    0    0    0    0    0
535    223  578  577  222    0    0    0    0    0
536    224  579  578  223    0    0    0    0    0
537    225  580  579  224    0    0    0    0    0
538    226  581  580  225    0    0    0    0    0
539    227  582  581  226    0    0    0    0    0
540    228  583  582  227    0    0    0    0    0
541    229  584  583  228    0    0    0    0    0
542    230  585  584  229    0    0    0    0    0
543    231  586  585  230    0    0    0    0    0
544     28    7  586  231    0    0    0    0    0
545    105    8   10  110    0    0    0    0    0
546    104  105  110  109    0    0    0    0    0
547    103  104  109  108    0    0    0    0    0
548    102  103  108  107    0    0    0    0    0
549    101  102  107  106    0    0    0    0    0
550      7  101  106    9    0    0    0    0    0
551    110   10    6  100    0    0    0    0    0
552    109  110  100   99    0    0    0    0    0
553    108  109   99   98    0    0    0    0    0
554    107  108   98   97    0    0    0    0    0
555    106  107   97   96    0    0    0    0    0
556      9  106   96    5    0    0    0    0    0

  1   7   90.00
  2   7   90.00
  3   7   90.00
  4   7   90.00
  5   7   90.00
  6   7   90.00
  7   7   90.00
  8   7   90.00
  9   7   90.00
 10   7   90.00
 11   7   90.00
 12   7   90.00
 13   7   90.00
 14   7   90.00
 15   7   90.00
 16   7   90.00
 17   7   90.00
 18   7   90.00
 19   7   90.00
 20   7   90.00
 21   7   90.00
 22   7   90.00
 23   7   90.00
 24   7   90.00
 25   7   90.00
 26   7   90.00
 27   7   90.00
 28   7   90.00
 29   7   90.00
 30   7   90.00
 31   7   90.00
 32   7   90.00
 33   7   90.00
 34   7   90.00
 35   7   90.00
 36   7   90.00
 37   7   90.00
 38   7   90.00
 39   7   90.00
 40   7   90.00
 41   7   90.00
 42   7   90.00
 43   3   90.00
 44   3   90.00
 45   3   90.00
 46   3   90.00
 47   3   90.00
 48   3   90.00
 49   3   90.00
 50   3   90.00
 51   3   90.00
 52   3   90.00
 53   3   90.00
 54   3   90.00
 55   3   90.00
 56   3   90.00
 57   2   90.00
 58   2   90.00
 59   2   90.00
 60   2   90.00
 61   2   90.00
 62   2   90.00
 63   2   90.00
 64   2   90.00
 65   2   90.00
 66   2   90.00
 67   2   90.00
 68   2   90.00
 69   2   90.00
 70   2   90.00
 71   3   90.00
 72   3   90.00
 73   3   90.00
 74   3   90.00
 75   3   90.00
 76   3   90.00
 77   3   90.00
 78   3   90.00
 79   3   90.00
 80   3   90.00
 81   3   90.00
 82   3   90.00
 83   3   90.00
 84   3   90.00
 85   2   90.00
 86   2   90.00
 87   2   90.00
 88   2   90.00
 89   2   90.00
 90   2   90.00
 91   2   90.00
 92   2   90.00
 93   2   90.00
 94   2   90.00
 95   2   90.00
 96   2   90.00
 97   2   90.00
 98   2   90.00
 99   3   90.00
100   3   90.00
101   3   90.00
102   3   90.00
103   3   90.00
104   3   90.00
105   3   90.00
106   3   90.00
107   3   90.00
108   3   90.00
109   3   90.00
110   3   90.00
111   3   90.00
112   3   90.00
113   2   90.00
114   2   90.00
115   2   90.00
116   2   90.00
117   2   90.00
118   2   90.00
119   2   90.00
120   2   90.00
121   2   90.00
122   2   90.00
123   2   90.00
124   2   90.00
125   2   90.00
126   2   90.00
127   3   90.00
128   3   90.00
129   3   90.00
130   3   90.00
131   3   90.00
132   3   90.00
133   3   90.00
134   3   90.00
135   3   90.00
136   3   90.00
137   3   90.00
138   3   90.00
139   3   90.00
140   3   90.00
141   1    0.00
142   1    0.00
143   1    0.00
144   1    0.00
145   1    0.00
146   1    0.00
147   1    0.00
148   1    0.00
149   1    0.00
150   1    0.00
151   1    0.00
152   1    0.00
153   3  270.00
154   3  270.00
155   3  270.00
156   3  270.00
157   3  270.00
158   3  270.00
159   3  270.00
160   3  270.00
161   3  270.00
162   3  270.00
163   3  270.00
164   3  270.00
165   3  270.00
166   3  270.00
167   2  270.00
168   2  270.00
169   2  270.00
170   2  270.00
171   2  270.00
172   2  270.00
173   2  270.00
174   2  270.00
175   2  270.00
176   2  270.00
177   2  270.00
178   2  270.00
179   2  270.00
180   2  270.00
181   3  270.00
182   3  270.00
183   3  270.00
184   3  270.00
185   3  270.00
186   3  270.00
187   3  270.00
188   3  270.00
189   3  270.00
190   3  270.00
191   3  270.00
192   3  270.00
193   3  270.00
194   3  270.00
195   2  270.00
196   2  270.00
197   2  270.00
198   2  270.00
199   2  270.00
200   2  270.00
201   2  270.00
202   2  270.00
203   2  270.00
204   2  270.00
205   2  270.00
206   2  270.00
207   2  270.00
208   2  270.00
209   3  270.00
210   3  270.00
211   3  270.00
212   3  270.00
213   3  270.00
214   3  270.00
215   3  270.00
216   3  270.00
217   3  270.00
218   3  270.00
219   3  270.00
220   3  270.00
221   3  270.00
222   3  270.00
223   2  270.00
224   2  270.00
225   2  270.00
226   2  270.00
227   2  270.00
228   2  270.00
229   2  270.00
230   2  270.00
231   2  270.00
232   2  270.00
233   2  270.00
234   2  270.00
235   2  270.00
236   2  270.00
237   3  270.00
238   3  270.00
239   3  270.00
240   3  270.00
241   3  270.00
242   3  270.00
243   3  270.00
244   3  270.00
245   3  270.00
246   3  270.00
247   3  270.00
248   3  270.00
249   3  270.00
250   3  270.00
251   7  270.00
252   7  270.00
253   7  270.00
254   7  270.00
255   7  270.00
256   7  270.00
257   7  270.00
258   7  270.00
259   7  270.00
260   7  270.00
261   7  270.00
262   7  270.00
263   7  270.00
264   7  270.00
265   7  270.00
266   7  270.00
267   7  270.00
268   7  270.00
269   7  270.00
270   7  270.00
271   7  270.00
272   7  270.00
273   7  270.00
274   7  270.00
275   7  270.00
276   7  270.00
277   7  270.00
278   7  270.00
279   7  270.00
280   7  270.00
281   7  270.00
282   7  270.00
283   7  270.00
284   7  270.00
285   7  270.00
286   7  270.00
287   7  270.00
288   7  270.00
289   7  270.00
290   7  270.00
291   7  270.00
292   7  270.00
293   2  270.00
294   2  270.00
295   2  270.00
296   2  270.00
297   2  270.00
298   2  270.00
299   2  270.00
300   2  270.00
301   2  270.00
302   2  270.00
303   2  270.00
304   2  270.00
305   2  270.00
306   2  270.00
307   3  270.00
308   3  270.00
309   3  270.00
310   3  270.00
311   3  270.00
312   3  270.00
313   3  270.00
314   3  270.00
315   3  270.00
316   3  270.00
317   3  270.00
318   3  270.00
319   3  270.00
320   3  270.00
321   2  270.00
322   2  270.00
323   2  270.00
324   2  270.00
325   2  270.00
326   2  270.00
327   2  270.00
328   2  270.00
329   2  270.00
330   2  270.00
331   2  270.00
332   2  270.00
333   2  270.00
334   2  270.00
335   3  270.00
336   3  270.00
337   3  270.00
338   3  270.00
339   3  270.00
340   3  270.00
341   3  270.00
342   3  270.00
343   3  270.00
344   3  270.00
345   3  270.00
346   3  270.00
347   3  270.00
348   3  270.00
349   2  270.00
350   2  270.00
351   2  270.00
352   2  270.00
353   2  270.00
354   2  270.00
355   2  270.00
356   2  270.00
357   2  270.00
358   2  270.00
359   2  270.00
360   2  270.00
361   2  270.00
362   2  270.00
363   3  270.00
364   3  270.00
365   3  270.00
366   3  270.00
367   3  270.00
368   3  270.00
369   3  270.00
370   3  270.00
371   3  270.00
372   3  270.00
373   3  270.00
374   3  270.00
375   3  270.00
376   3  270.00
377   2  270.00
378   2  270.00
379   2  270.00
380   2  270.00
381   2  270.00
382   2  270.00
383   2  270.00
384   2  270.00
385   2  270.00
386   2  270.00
387   2  270.00
388   2  270.00
389   2  270.00
390   2  270.00
391   3  270.00
392   3  270.00
393   3  270.00
394   3  270.00
395   3  270.00
396   3  270.00
397   3  270.00
398   3  270.00
399   3  270.00
400   3  270.00
401   3  270.00
402   3  270.00
403   3  270.00
404   3  270.00
405   2   90.00
406   2   90.00
407   2   90.00
408   2   90.00
409   2   90.00
410   2   90.00
411   2   90.00
412   2   90.00
413   2   90.00
414   2   90.00
415   2   90.00
416   2   90.00
417   2   90.00
418   2   90.00
419   3   90.00
420   3   90.00
421   3   90.00
422   3   90.00
423   3   90.00
424   3   90.00
425   3   90.00
426   3   90.00
427   3   90.00
428   3   90.00
429   3   90.00
430   3   90.00
431   3   90.00
432   3   90.00
433   3   90.00
434   3   90.00
435   3   90.00
436   3   90.00
437   3   90.00
438   3   90.00
439   3   90.00
440   3   90.00
441   3   90.00
442   3   90.00
443   3   90.00
444   3   90.00
445   3   90.00
446   3   90.00
447   2   90.00
448   2   90.00
449   2   90.00
450   2   90.00
451   2   90.00
452   2   90.00
453   2   90.00
454   2   90.00
455   2   90.00
456   2   90.00
457   2   90.00
458   2   90.00
459   2   90.00
460   2   90.00
461   2   90.00
462   2   90.00
463   2   90.00
464   2   90.00
465   2   90.00
466   2   90.00
467   2   90.00
468   2   90.00
469   2   90.00
470   2   90.00
471   2   90.00
472   2   90.00
473   2   90.00
474   2   90.00
475   3   90.00
476   3   90.00
477   3   90.00
478   3   90.00
479   3   90.00
480   3   90.00
481   3   90.00
482   3   90.00
483   3   90.00
484   3   90.00
485   3   90.00
486   3   90.00
487   3   90.00
488   3   90.00
489   2   90.00
490   2   90.00
491   2   90.00
492   2   90.00
493   2   90.00
494   2   90.00
495   2   90.00
496   2   90.00
497   2   90.00
498   2   90.00
499   2   90.00
500   2   90.00
501   2   90.00
502   2   90.00
503   3   90.00
504   3   90.00
505   3   90.00
506   3   90.00
507   3   90.00
508   3   90.00
509   3   90.00
510   3   90.00
511   3   90.00
512   3   90.00
513   3   90.00
514   3   90.00
515   3   90.00
516   3   90.00
517   2  270.00
518   2  270.00
519   2  270.00
520   2  270.00
521   2  270.00
522   2  270.00
523   2  270.00
524   2  270.00
525   2  270.00
526   2  270.00
527   2  270.00
528   2  270.00
529   2  270.00
530   2  270.00
531   2   90.00
532   2   90.00
533   2   90.00
534   2   90.00
535   2   90.00
536   2   90.00
537   2   90.00
538   2   90.00
539   2   90.00
540   2   90.00
541   2   90.00
542   2   90.00
543   2   90.00
544   2   90.00
545   1  180.00
546   1  180.00
547   1  180.00
548   1  180.00
549   1  180.00
550   1  180.00
551   1  180.00
552   1  180.00
553   1  180.00
554   1  180.00
555   1  180.00
556   1  180.00

1    1     0.00
2    2    45.00
3    2   -45.00
4    3    45.00
5    3   -45.00
6    3     0.00
7    4     0.00

1   1   # E-LT-5500/EP-3
4.18000e+10   1.40000e+10   1.40000e+10
2.63000e+09   2.63000e+09   2.63000e+09
2.80000e-01   2.80000e-01   2.80000e-01
1.92000e+03

2   1   # Saertex/EP-3
1.36000e+10   1.33000e+10   1.33000e+10
1.18000e+10   1.18000e+10   1.18000e+10
5.10000e-01   5.10000e-01   5.10000e-01
1.78000e+03

3   1   # SNL Triax
2.77000e+10   1.36500e+10   1.36500e+10
7.20000e+09   7.20000e+09   7.20000e+09
3.90000e-01   3.90000e-01   3.90000e-01
1.85000e+03

4   0   # Foam
2.56000e+08   3.00000e-01
2.00000e+02

