1 7
1 0 0    # Timoshenko_flag  recover_flag  thermal_flag
1 0 0 0  # curve_flag  oblique_flag  trapeze_flag  Vlasov_flag
0.0 0.0 0.0

722 628 4   # nnode  nelem  nmate   (where: nnode = total number of nodes, nelem = total number of elements, nmate = total number of material types)

  1     0.83600000     2.54450000
  2     0.83600000    -2.54450000
  3    -0.83600000    -2.54450000
  4    -0.83600000     2.54450000
  5     0.75300000     2.54450000
  6     0.75300000    -2.54450000
  7     0.83300000     2.54450000
  8     0.83300000    -2.54450000
  9    -0.83300000     2.54450000
 10    -0.83300000    -2.54450000
 11    -0.75300000     2.54450000
 12    -0.75300000    -2.54450000
 13    -0.83562500     2.54450000
 14    -0.83562500    -2.54450000
 15    -0.83525000     2.54450000
 16    -0.83525000    -2.54450000
 17    -0.83487500     2.54450000
 18    -0.83487500    -2.54450000
 19    -0.83450000     2.54450000
 20    -0.83450000    -2.54450000
 21    -0.83412500     2.54450000
 22    -0.83412500    -2.54450000
 23    -0.83375000     2.54450000
 24    -0.83375000    -2.54450000
 25    -0.83337500     2.54450000
 26    -0.83337500    -2.54450000
 27    -0.75262500     2.54450000
 28    -0.75262500    -2.54450000
 29    -0.75225000     2.54450000
 30    -0.75225000    -2.54450000
 31    -0.75187500     2.54450000
 32    -0.75187500    -2.54450000
 33    -0.75150000     2.54450000
 34    -0.75150000    -2.54450000
 35    -0.75112500     2.54450000
 36    -0.75112500    -2.54450000
 37    -0.75075000     2.54450000
 38    -0.75075000    -2.54450000
 39    -0.75037500     2.54450000
 40    -0.75037500    -2.54450000
 41     0.75037500     2.54450000
 42     0.75037500    -2.54450000
 43     0.75075000     2.54450000
 44     0.75075000    -2.54450000
 45     0.75112500     2.54450000
 46     0.75112500    -2.54450000
 47     0.75150000     2.54450000
 48     0.75150000    -2.54450000
 49     0.75187500     2.54450000
 50     0.75187500    -2.54450000
 51     0.75225000     2.54450000
 52     0.75225000    -2.54450000
 53     0.75262500     2.54450000
 54     0.75262500    -2.54450000
 55     0.83337500     2.54450000
 56     0.83337500    -2.54450000
 57     0.83375000     2.54450000
 58     0.83375000    -2.54450000
 59     0.83412500     2.54450000
 60     0.83412500    -2.54450000
 61     0.83450000     2.54450000
 62     0.83450000    -2.54450000
 63     0.83487500     2.54450000
 64     0.83487500    -2.54450000
 65     0.83525000     2.54450000
 66     0.83525000    -2.54450000
 67     0.83562500     2.54450000
 68     0.83562500    -2.54450000
 69    -0.75000000    -2.54450000
 70     0.75000000    -2.54450000
 71    -0.75000000     2.54450000
 72     0.75000000     2.54450000
 73    -0.75000000     2.53783333
 74     0.75000000     2.53783333
 75    -0.75000000     2.53116667
 76     0.75000000     2.53116667
 77    -0.75000000     2.52450000
 78     0.75000000     2.52450000
 79    -0.75000000     2.51783333
 80     0.75000000     2.51783333
 81    -0.75000000     2.51116667
 82     0.75000000     2.51116667
 83    -0.75000000     2.50450000
 84     0.75000000     2.50450000
 85    -0.75000000     2.48450000
 86     0.75000000     2.48450000
 87    -0.75000000     2.49450000
 88     0.75000000     2.49450000
 89    -0.75000000    -2.50450000
 90     0.75000000    -2.50450000
 91    -0.75000000    -2.48450000
 92     0.75000000    -2.48450000
 93    -0.75000000    -2.53783333
 94     0.75000000    -2.53783333
 95    -0.75000000    -2.53116667
 96     0.75000000    -2.53116667
 97    -0.75000000    -2.52450000
 98     0.75000000    -2.52450000
 99    -0.75000000    -2.51783333
100     0.75000000    -2.51783333
101    -0.75000000    -2.51116667
102     0.75000000    -2.51116667
103    -0.75000000    -2.49450000
104     0.75000000    -2.49450000
105    -0.50000000     2.54450000
106    -0.25000000     2.54450000
107     0.00000000     2.54450000
108     0.25000000     2.54450000
109     0.50000000     2.54450000
110     0.83600000     2.18100000
111     0.83600000     1.81750000
112     0.83600000     1.45400000
113     0.83600000     1.09050000
114     0.83600000     0.72700000
115     0.83600000     0.36350000
116     0.83600000    -0.00000000
117     0.83600000    -0.36350000
118     0.83600000    -0.72700000
119     0.83600000    -1.09050000
120     0.83600000    -1.45400000
121     0.83600000    -1.81750000
122     0.83600000    -2.18100000
123    -0.83600000    -2.18100000
124    -0.83600000    -1.81750000
125    -0.83600000    -1.45400000
126    -0.83600000    -1.09050000
127    -0.83600000    -0.72700000
128    -0.83600000    -0.36350000
129    -0.83600000    -0.00000000
130    -0.83600000     0.36350000
131    -0.83600000     0.72700000
132    -0.83600000     1.09050000
133    -0.83600000     1.45400000
134    -0.83600000     1.81750000
135    -0.83600000     2.18100000
136    -0.50000000     2.50450000
137    -0.25000000     2.50450000
138     0.00000000     2.50450000
139     0.25000000     2.50450000
140     0.50000000     2.50450000
141     0.75300000     2.18100000
142     0.75300000     1.81750000
143     0.75300000     1.45400000
144     0.75300000     1.09050000
145     0.75300000     0.72700000
146     0.75300000     0.36350000
147     0.75300000    -0.00000000
148     0.75300000    -0.36350000
149     0.75300000    -0.72700000
150     0.75300000    -1.09050000
151     0.75300000    -1.45400000
152     0.75300000    -1.81750000
153     0.75300000    -2.18100000
154     0.83300000     2.18100000
155     0.83300000     1.81750000
156     0.83300000     1.45400000
157     0.83300000     1.09050000
158     0.83300000     0.72700000
159     0.83300000     0.36350000
160     0.83300000    -0.00000000
161     0.83300000    -0.36350000
162     0.83300000    -0.72700000
163     0.83300000    -1.09050000
164     0.83300000    -1.45400000
165     0.83300000    -1.81750000
166     0.83300000    -2.18100000
167    -0.83300000     2.18100000
168    -0.83300000     1.81750000
169    -0.83300000     1.45400000
170    -0.83300000     1.09050000
171    -0.83300000     0.72700000
172    -0.83300000     0.36350000
173    -0.83300000    -0.00000000
174    -0.83300000    -0.36350000
175    -0.83300000    -0.72700000
176    -0.83300000    -1.09050000
177    -0.83300000    -1.45400000
178    -0.83300000    -1.81750000
179    -0.83300000    -2.18100000
180    -0.75300000     2.18100000
181    -0.75300000     1.81750000
182    -0.75300000     1.45400000
183    -0.75300000     1.09050000
184    -0.75300000     0.72700000
185    -0.75300000     0.36350000
186    -0.75300000    -0.00000000
187    -0.75300000    -0.36350000
188    -0.75300000    -0.72700000
189    -0.75300000    -1.09050000
190    -0.75300000    -1.45400000
191    -0.75300000    -1.81750000
192    -0.75300000    -2.18100000
193    -0.80633333     2.54450000
194    -0.77966667     2.54450000
195    -0.77966667    -2.54450000
196    -0.80633333    -2.54450000
197    -0.50000000     2.48450000
198    -0.25000000     2.48450000
199     0.00000000     2.48450000
200     0.25000000     2.48450000
201     0.50000000     2.48450000
202    -0.50000000     2.53783333
203    -0.25000000     2.53783333
204     0.00000000     2.53783333
205     0.25000000     2.53783333
206     0.50000000     2.53783333
207    -0.50000000     2.53116667
208    -0.25000000     2.53116667
209     0.00000000     2.53116667
210     0.25000000     2.53116667
211     0.50000000     2.53116667
212    -0.50000000     2.52450000
213    -0.25000000     2.52450000
214     0.00000000     2.52450000
215     0.25000000     2.52450000
216     0.50000000     2.52450000
217    -0.50000000     2.51783333
218    -0.25000000     2.51783333
219     0.00000000     2.51783333
220     0.25000000     2.51783333
221     0.50000000     2.51783333
222    -0.50000000     2.51116667
223    -0.25000000     2.51116667
224     0.00000000     2.51116667
225     0.25000000     2.51116667
226     0.50000000     2.51116667
227     0.77966667     2.54450000
228     0.80633333     2.54450000
229     0.77966667    -2.54450000
230     0.80633333    -2.54450000
231    -0.50000000     2.49450000
232    -0.25000000     2.49450000
233     0.00000000     2.49450000
234     0.25000000     2.49450000
235     0.50000000     2.49450000
236    -0.83562500     2.18100000
237    -0.83562500     1.81750000
238    -0.83562500     1.45400000
239    -0.83562500     1.09050000
240    -0.83562500     0.72700000
241    -0.83562500     0.36350000
242    -0.83562500    -0.00000000
243    -0.83562500    -0.36350000
244    -0.83562500    -0.72700000
245    -0.83562500    -1.09050000
246    -0.83562500    -1.45400000
247    -0.83562500    -1.81750000
248    -0.83562500    -2.18100000
249    -0.83525000     2.18100000
250    -0.83525000     1.81750000
251    -0.83525000     1.45400000
252    -0.83525000     1.09050000
253    -0.83525000     0.72700000
254    -0.83525000     0.36350000
255    -0.83525000    -0.00000000
256    -0.83525000    -0.36350000
257    -0.83525000    -0.72700000
258    -0.83525000    -1.09050000
259    -0.83525000    -1.45400000
260    -0.83525000    -1.81750000
261    -0.83525000    -2.18100000
262    -0.83487500     2.18100000
263    -0.83487500     1.81750000
264    -0.83487500     1.45400000
265    -0.83487500     1.09050000
266    -0.83487500     0.72700000
267    -0.83487500     0.36350000
268    -0.83487500    -0.00000000
269    -0.83487500    -0.36350000
270    -0.83487500    -0.72700000
271    -0.83487500    -1.09050000
272    -0.83487500    -1.45400000
273    -0.83487500    -1.81750000
274    -0.83487500    -2.18100000
275    -0.83450000     2.18100000
276    -0.83450000     1.81750000
277    -0.83450000     1.45400000
278    -0.83450000     1.09050000
279    -0.83450000     0.72700000
280    -0.83450000     0.36350000
281    -0.83450000    -0.00000000
282    -0.83450000    -0.36350000
283    -0.83450000    -0.72700000
284    -0.83450000    -1.09050000
285    -0.83450000    -1.45400000
286    -0.83450000    -1.81750000
287    -0.83450000    -2.18100000
288    -0.83412500     2.18100000
289    -0.83412500     1.81750000
290    -0.83412500     1.45400000
291    -0.83412500     1.09050000
292    -0.83412500     0.72700000
293    -0.83412500     0.36350000
294    -0.83412500    -0.00000000
295    -0.83412500    -0.36350000
296    -0.83412500    -0.72700000
297    -0.83412500    -1.09050000
298    -0.83412500    -1.45400000
299    -0.83412500    -1.81750000
300    -0.83412500    -2.18100000
301    -0.83375000     2.18100000
302    -0.83375000     1.81750000
303    -0.83375000     1.45400000
304    -0.83375000     1.09050000
305    -0.83375000     0.72700000
306    -0.83375000     0.36350000
307    -0.83375000    -0.00000000
308    -0.83375000    -0.36350000
309    -0.83375000    -0.72700000
310    -0.83375000    -1.09050000
311    -0.83375000    -1.45400000
312    -0.83375000    -1.81750000
313    -0.83375000    -2.18100000
314    -0.83337500     2.18100000
315    -0.83337500     1.81750000
316    -0.83337500     1.45400000
317    -0.83337500     1.09050000
318    -0.83337500     0.72700000
319    -0.83337500     0.36350000
320    -0.83337500    -0.00000000
321    -0.83337500    -0.36350000
322    -0.83337500    -0.72700000
323    -0.83337500    -1.09050000
324    -0.83337500    -1.45400000
325    -0.83337500    -1.81750000
326    -0.83337500    -2.18100000
327    -0.75262500     2.18100000
328    -0.75262500     1.81750000
329    -0.75262500     1.45400000
330    -0.75262500     1.09050000
331    -0.75262500     0.72700000
332    -0.75262500     0.36350000
333    -0.75262500    -0.00000000
334    -0.75262500    -0.36350000
335    -0.75262500    -0.72700000
336    -0.75262500    -1.09050000
337    -0.75262500    -1.45400000
338    -0.75262500    -1.81750000
339    -0.75262500    -2.18100000
340    -0.75225000     2.18100000
341    -0.75225000     1.81750000
342    -0.75225000     1.45400000
343    -0.75225000     1.09050000
344    -0.75225000     0.72700000
345    -0.75225000     0.36350000
346    -0.75225000    -0.00000000
347    -0.75225000    -0.36350000
348    -0.75225000    -0.72700000
349    -0.75225000    -1.09050000
350    -0.75225000    -1.45400000
351    -0.75225000    -1.81750000
352    -0.75225000    -2.18100000
353    -0.75187500     2.18100000
354    -0.75187500     1.81750000
355    -0.75187500     1.45400000
356    -0.75187500     1.09050000
357    -0.75187500     0.72700000
358    -0.75187500     0.36350000
359    -0.75187500    -0.00000000
360    -0.75187500    -0.36350000
361    -0.75187500    -0.72700000
362    -0.75187500    -1.09050000
363    -0.75187500    -1.45400000
364    -0.75187500    -1.81750000
365    -0.75187500    -2.18100000
366    -0.75150000     2.18100000
367    -0.75150000     1.81750000
368    -0.75150000     1.45400000
369    -0.75150000     1.09050000
370    -0.75150000     0.72700000
371    -0.75150000     0.36350000
372    -0.75150000    -0.00000000
373    -0.75150000    -0.36350000
374    -0.75150000    -0.72700000
375    -0.75150000    -1.09050000
376    -0.75150000    -1.45400000
377    -0.75150000    -1.81750000
378    -0.75150000    -2.18100000
379    -0.75112500     2.18100000
380    -0.75112500     1.81750000
381    -0.75112500     1.45400000
382    -0.75112500     1.09050000
383    -0.75112500     0.72700000
384    -0.75112500     0.36350000
385    -0.75112500    -0.00000000
386    -0.75112500    -0.36350000
387    -0.75112500    -0.72700000
388    -0.75112500    -1.09050000
389    -0.75112500    -1.45400000
390    -0.75112500    -1.81750000
391    -0.75112500    -2.18100000
392    -0.75075000     2.18100000
393    -0.75075000     1.81750000
394    -0.75075000     1.45400000
395    -0.75075000     1.09050000
396    -0.75075000     0.72700000
397    -0.75075000     0.36350000
398    -0.75075000    -0.00000000
399    -0.75075000    -0.36350000
400    -0.75075000    -0.72700000
401    -0.75075000    -1.09050000
402    -0.75075000    -1.45400000
403    -0.75075000    -1.81750000
404    -0.75075000    -2.18100000
405    -0.75037500     2.18100000
406    -0.75037500     1.81750000
407    -0.75037500     1.45400000
408    -0.75037500     1.09050000
409    -0.75037500     0.72700000
410    -0.75037500     0.36350000
411    -0.75037500    -0.00000000
412    -0.75037500    -0.36350000
413    -0.75037500    -0.72700000
414    -0.75037500    -1.09050000
415    -0.75037500    -1.45400000
416    -0.75037500    -1.81750000
417    -0.75037500    -2.18100000
418     0.75037500     2.18100000
419     0.75037500     1.81750000
420     0.75037500     1.45400000
421     0.75037500     1.09050000
422     0.75037500     0.72700000
423     0.75037500     0.36350000
424     0.75037500    -0.00000000
425     0.75037500    -0.36350000
426     0.75037500    -0.72700000
427     0.75037500    -1.09050000
428     0.75037500    -1.45400000
429     0.75037500    -1.81750000
430     0.75037500    -2.18100000
431     0.75075000     2.18100000
432     0.75075000     1.81750000
433     0.75075000     1.45400000
434     0.75075000     1.09050000
435     0.75075000     0.72700000
436     0.75075000     0.36350000
437     0.75075000    -0.00000000
438     0.75075000    -0.36350000
439     0.75075000    -0.72700000
440     0.75075000    -1.09050000
441     0.75075000    -1.45400000
442     0.75075000    -1.81750000
443     0.75075000    -2.18100000
444     0.75112500     2.18100000
445     0.75112500     1.81750000
446     0.75112500     1.45400000
447     0.75112500     1.09050000
448     0.75112500     0.72700000
449     0.75112500     0.36350000
450     0.75112500    -0.00000000
451     0.75112500    -0.36350000
452     0.75112500    -0.72700000
453     0.75112500    -1.09050000
454     0.75112500    -1.45400000
455     0.75112500    -1.81750000
456     0.75112500    -2.18100000
457     0.75150000     2.18100000
458     0.75150000     1.81750000
459     0.75150000     1.45400000
460     0.75150000     1.09050000
461     0.75150000     0.72700000
462     0.75150000     0.36350000
463     0.75150000    -0.00000000
464     0.75150000    -0.36350000
465     0.75150000    -0.72700000
466     0.75150000    -1.09050000
467     0.75150000    -1.45400000
468     0.75150000    -1.81750000
469     0.75150000    -2.18100000
470     0.75187500     2.18100000
471     0.75187500     1.81750000
472     0.75187500     1.45400000
473     0.75187500     1.09050000
474     0.75187500     0.72700000
475     0.75187500     0.36350000
476     0.75187500    -0.00000000
477     0.75187500    -0.36350000
478     0.75187500    -0.72700000
479     0.75187500    -1.09050000
480     0.75187500    -1.45400000
481     0.75187500    -1.81750000
482     0.75187500    -2.18100000
483     0.75225000     2.18100000
484     0.75225000     1.81750000
485     0.75225000     1.45400000
486     0.75225000     1.09050000
487     0.75225000     0.72700000
488     0.75225000     0.36350000
489     0.75225000    -0.00000000
490     0.75225000    -0.36350000
491     0.75225000    -0.72700000
492     0.75225000    -1.09050000
493     0.75225000    -1.45400000
494     0.75225000    -1.81750000
495     0.75225000    -2.18100000
496     0.75262500     2.18100000
497     0.75262500     1.81750000
498     0.75262500     1.45400000
499     0.75262500     1.09050000
500     0.75262500     0.72700000
501     0.75262500     0.36350000
502     0.75262500    -0.00000000
503     0.75262500    -0.36350000
504     0.75262500    -0.72700000
505     0.75262500    -1.09050000
506     0.75262500    -1.45400000
507     0.75262500    -1.81750000
508     0.75262500    -2.18100000
509     0.83337500     2.18100000
510     0.83337500     1.81750000
511     0.83337500     1.45400000
512     0.83337500     1.09050000
513     0.83337500     0.72700000
514     0.83337500     0.36350000
515     0.83337500    -0.00000000
516     0.83337500    -0.36350000
517     0.83337500    -0.72700000
518     0.83337500    -1.09050000
519     0.83337500    -1.45400000
520     0.83337500    -1.81750000
521     0.83337500    -2.18100000
522     0.83375000     2.18100000
523     0.83375000     1.81750000
524     0.83375000     1.45400000
525     0.83375000     1.09050000
526     0.83375000     0.72700000
527     0.83375000     0.36350000
528     0.83375000    -0.00000000
529     0.83375000    -0.36350000
530     0.83375000    -0.72700000
531     0.83375000    -1.09050000
532     0.83375000    -1.45400000
533     0.83375000    -1.81750000
534     0.83375000    -2.18100000
535     0.83412500     2.18100000
536     0.83412500     1.81750000
537     0.83412500     1.45400000
538     0.83412500     1.09050000
539     0.83412500     0.72700000
540     0.83412500     0.36350000
541     0.83412500    -0.00000000
542     0.83412500    -0.36350000
543     0.83412500    -0.72700000
544     0.83412500    -1.09050000
545     0.83412500    -1.45400000
546     0.83412500    -1.81750000
547     0.83412500    -2.18100000
548     0.83450000     2.18100000
549     0.83450000     1.81750000
550     0.83450000     1.45400000
551     0.83450000     1.09050000
552     0.83450000     0.72700000
553     0.83450000     0.36350000
554     0.83450000    -0.00000000
555     0.83450000    -0.36350000
556     0.83450000    -0.72700000
557     0.83450000    -1.09050000
558     0.83450000    -1.45400000
559     0.83450000    -1.81750000
560     0.83450000    -2.18100000
561     0.83487500     2.18100000
562     0.83487500     1.81750000
563     0.83487500     1.45400000
564     0.83487500     1.09050000
565     0.83487500     0.72700000
566     0.83487500     0.36350000
567     0.83487500    -0.00000000
568     0.83487500    -0.36350000
569     0.83487500    -0.72700000
570     0.83487500    -1.09050000
571     0.83487500    -1.45400000
572     0.83487500    -1.81750000
573     0.83487500    -2.18100000
574     0.83525000     2.18100000
575     0.83525000     1.81750000
576     0.83525000     1.45400000
577     0.83525000     1.09050000
578     0.83525000     0.72700000
579     0.83525000     0.36350000
580     0.83525000    -0.00000000
581     0.83525000    -0.36350000
582     0.83525000    -0.72700000
583     0.83525000    -1.09050000
584     0.83525000    -1.45400000
585     0.83525000    -1.81750000
586     0.83525000    -2.18100000
587     0.83562500     2.18100000
588     0.83562500     1.81750000
589     0.83562500     1.45400000
590     0.83562500     1.09050000
591     0.83562500     0.72700000
592     0.83562500     0.36350000
593     0.83562500    -0.00000000
594     0.83562500    -0.36350000
595     0.83562500    -0.72700000
596     0.83562500    -1.09050000
597     0.83562500    -1.45400000
598     0.83562500    -1.81750000
599     0.83562500    -2.18100000
600     0.75000000     2.18100000
601     0.75000000     1.81750000
602     0.75000000     1.45400000
603     0.75000000     1.09050000
604     0.75000000     0.72700000
605     0.75000000     0.36350000
606     0.75000000     0.00000000
607     0.75000000    -0.36350000
608     0.75000000    -0.72700000
609     0.75000000    -1.09050000
610     0.75000000    -1.45400000
611     0.75000000    -1.81750000
612     0.75000000    -2.18100000
613    -0.75000000     2.18100000
614    -0.75000000     1.81750000
615    -0.75000000     1.45400000
616    -0.75000000     1.09050000
617    -0.75000000     0.72700000
618    -0.75000000     0.36350000
619    -0.75000000     0.00000000
620    -0.75000000    -0.36350000
621    -0.75000000    -0.72700000
622    -0.75000000    -1.09050000
623    -0.75000000    -1.45400000
624    -0.75000000    -1.81750000
625    -0.75000000    -2.18100000
626    -0.50000000    -2.54450000
627    -0.25000000    -2.54450000
628     0.00000000    -2.54450000
629     0.25000000    -2.54450000
630     0.50000000    -2.54450000
631    -0.50000000    -2.50450000
632    -0.25000000    -2.50450000
633     0.00000000    -2.50450000
634     0.25000000    -2.50450000
635     0.50000000    -2.50450000
636    -0.50000000    -2.48450000
637    -0.25000000    -2.48450000
638     0.00000000    -2.48450000
639     0.25000000    -2.48450000
640     0.50000000    -2.48450000
641    -0.50000000    -2.53783333
642    -0.25000000    -2.53783333
643     0.00000000    -2.53783333
644     0.25000000    -2.53783333
645     0.50000000    -2.53783333
646    -0.50000000    -2.53116667
647    -0.25000000    -2.53116667
648     0.00000000    -2.53116667
649     0.25000000    -2.53116667
650     0.50000000    -2.53116667
651    -0.50000000    -2.52450000
652    -0.25000000    -2.52450000
653     0.00000000    -2.52450000
654     0.25000000    -2.52450000
655     0.50000000    -2.52450000
656    -0.50000000    -2.51783333
657    -0.25000000    -2.51783333
658     0.00000000    -2.51783333
659     0.25000000    -2.51783333
660     0.50000000    -2.51783333
661    -0.50000000    -2.51116667
662    -0.25000000    -2.51116667
663     0.00000000    -2.51116667
664     0.25000000    -2.51116667
665     0.50000000    -2.51116667
666    -0.50000000    -2.49450000
667    -0.25000000    -2.49450000
668     0.00000000    -2.49450000
669     0.25000000    -2.49450000
670     0.50000000    -2.49450000
671    -0.80633333     2.18100000
672    -0.77966667     2.18100000
673    -0.80633333     1.81750000
674    -0.77966667     1.81750000
675    -0.80633333     1.45400000
676    -0.77966667     1.45400000
677    -0.80633333     1.09050000
678    -0.77966667     1.09050000
679    -0.80633333     0.72700000
680    -0.77966667     0.72700000
681    -0.80633333     0.36350000
682    -0.77966667     0.36350000
683    -0.80633333    -0.00000000
684    -0.77966667    -0.00000000
685    -0.80633333    -0.36350000
686    -0.77966667    -0.36350000
687    -0.80633333    -0.72700000
688    -0.77966667    -0.72700000
689    -0.80633333    -1.09050000
690    -0.77966667    -1.09050000
691    -0.80633333    -1.45400000
692    -0.77966667    -1.45400000
693    -0.80633333    -1.81750000
694    -0.77966667    -1.81750000
695    -0.80633333    -2.18100000
696    -0.77966667    -2.18100000
697     0.77966667     2.18100000
698     0.80633333     2.18100000
699     0.77966667     1.81750000
700     0.80633333     1.81750000
701     0.77966667     1.45400000
702     0.80633333     1.45400000
703     0.77966667     1.09050000
704     0.80633333     1.09050000
705     0.77966667     0.72700000
706     0.80633333     0.72700000
707     0.77966667     0.36350000
708     0.80633333     0.36350000
709     0.77966667    -0.00000000
710     0.80633333    -0.00000000
711     0.77966667    -0.36350000
712     0.80633333    -0.36350000
713     0.77966667    -0.72700000
714     0.80633333    -0.72700000
715     0.77966667    -1.09050000
716     0.80633333    -1.09050000
717     0.77966667    -1.45400000
718     0.80633333    -1.45400000
719     0.77966667    -1.81750000
720     0.80633333    -1.81750000
721     0.77966667    -2.18100000
722     0.80633333    -2.18100000

  1    167  671  193    9    0    0    0    0    0
  2    671  672  194  193    0    0    0    0    0
  3    672  180   11  194    0    0    0    0    0
  4    168  673  671  167    0    0    0    0    0
  5    673  674  672  671    0    0    0    0    0
  6    674  181  180  672    0    0    0    0    0
  7    169  675  673  168    0    0    0    0    0
  8    675  676  674  673    0    0    0    0    0
  9    676  182  181  674    0    0    0    0    0
 10    170  677  675  169    0    0    0    0    0
 11    677  678  676  675    0    0    0    0    0
 12    678  183  182  676    0    0    0    0    0
 13    171  679  677  170    0    0    0    0    0
 14    679  680  678  677    0    0    0    0    0
 15    680  184  183  678    0    0    0    0    0
 16    172  681  679  171    0    0    0    0    0
 17    681  682  680  679    0    0    0    0    0
 18    682  185  184  680    0    0    0    0    0
 19    173  683  681  172    0    0    0    0    0
 20    683  684  682  681    0    0    0    0    0
 21    684  186  185  682    0    0    0    0    0
 22    174  685  683  173    0    0    0    0    0
 23    685  686  684  683    0    0    0    0    0
 24    686  187  186  684    0    0    0    0    0
 25    175  687  685  174    0    0    0    0    0
 26    687  688  686  685    0    0    0    0    0
 27    688  188  187  686    0    0    0    0    0
 28    176  689  687  175    0    0    0    0    0
 29    689  690  688  687    0    0    0    0    0
 30    690  189  188  688    0    0    0    0    0
 31    177  691  689  176    0    0    0    0    0
 32    691  692  690  689    0    0    0    0    0
 33    692  190  189  690    0    0    0    0    0
 34    178  693  691  177    0    0    0    0    0
 35    693  694  692  691    0    0    0    0    0
 36    694  191  190  692    0    0    0    0    0
 37    179  695  693  178    0    0    0    0    0
 38    695  696  694  693    0    0    0    0    0
 39    696  192  191  694    0    0    0    0    0
 40     10  196  695  179    0    0    0    0    0
 41    196  195  696  695    0    0    0    0    0
 42    195   12  192  696    0    0    0    0    0
 43    180  327   27   11    0    0    0    0    0
 44    181  328  327  180    0    0    0    0    0
 45    182  329  328  181    0    0    0    0    0
 46    183  330  329  182    0    0    0    0    0
 47    184  331  330  183    0    0    0    0    0
 48    185  332  331  184    0    0    0    0    0
 49    186  333  332  185    0    0    0    0    0
 50    187  334  333  186    0    0    0    0    0
 51    188  335  334  187    0    0    0    0    0
 52    189  336  335  188    0    0    0    0    0
 53    190  337  336  189    0    0    0    0    0
 54    191  338  337  190    0    0    0    0    0
 55    192  339  338  191    0    0    0    0    0
 56     12   28  339  192    0    0    0    0    0
 57    327  340   29   27    0    0    0    0    0
 58    328  341  340  327    0    0    0    0    0
 59    329  342  341  328    0    0    0    0    0
 60    330  343  342  329    0    0    0    0    0
 61    331  344  343  330    0    0    0    0    0
 62    332  345  344  331    0    0    0    0    0
 63    333  346  345  332    0    0    0    0    0
 64    334  347  346  333    0    0    0    0    0
 65    335  348  347  334    0    0    0    0    0
 66    336  349  348  335    0    0    0    0    0
 67    337  350  349  336    0    0    0    0    0
 68    338  351  350  337    0    0    0    0    0
 69    339  352  351  338    0    0    0    0    0
 70     28   30  352  339    0    0    0    0    0
 71    340  353   31   29    0    0    0    0    0
 72    341  354  353  340    0    0    0    0    0
 73    342  355  354  341    0    0    0    0    0
 74    343  356  355  342    0    0    0    0    0
 75    344  357  356  343    0    0    0    0    0
 76    345  358  357  344    0    0    0    0    0
 77    346  359  358  345    0    0    0    0    0
 78    347  360  359  346    0    0    0    0    0
 79    348  361  360  347    0    0    0    0    0
 80    349  362  361  348    0    0    0    0    0
 81    350  363  362  349    0    0    0    0    0
 82    351  364  363  350    0    0    0    0    0
 83    352  365  364  351    0    0    0    0    0
 84     30   32  365  352    0    0    0    0    0
 85    353  366   33   31    0    0    0    0    0
 86    354  367  366  353    0    0    0    0    0
 87    355  368  367  354    0    0    0    0    0
 88    356  369  368  355    0    0    0    0    0
 89    357  370  369  356    0    0    0    0    0
 90    358  371  370  357    0    0    0    0    0
 91    359  372  371  358    0    0    0    0    0
 92    360  373  372  359    0    0    0    0    0
 93    361  374  373  360    0    0    0    0    0
 94    362  375  374  361    0    0    0    0    0
 95    363  376  375  362    0    0    0    0    0
 96    364  377  376  363    0    0    0    0    0
 97    365  378  377  364    0    0    0    0    0
 98     32   34  378  365    0    0    0    0    0
 99    366  379   35   33    0    0    0    0    0
100    367  380  379  366    0    0    0    0    0
101    368  381  380  367    0    0    0    0    0
102    369  382  381  368    0    0    0    0    0
103    370  383  382  369    0    0    0    0    0
104    371  384  383  370    0    0    0    0    0
105    372  385  384  371    0    0    0    0    0
106    373  386  385  372    0    0    0    0    0
107    374  387  386  373    0    0    0    0    0
108    375  388  387  374    0    0    0    0    0
109    376  389  388  375    0    0    0    0    0
110    377  390  389  376    0    0    0    0    0
111    378  391  390  377    0    0    0    0    0
112     34   36  391  378    0    0    0    0    0
113    379  392   37   35    0    0    0    0    0
114    380  393  392  379    0    0    0    0    0
115    381  394  393  380    0    0    0    0    0
116    382  395  394  381    0    0    0    0    0
117    383  396  395  382    0    0    0    0    0
118    384  397  396  383    0    0    0    0    0
119    385  398  397  384    0    0    0    0    0
120    386  399  398  385    0    0    0    0    0
121    387  400  399  386    0    0    0    0    0
122    388  401  400  387    0    0    0    0    0
123    389  402  401  388    0    0    0    0    0
124    390  403  402  389    0    0    0    0    0
125    391  404  403  390    0    0    0    0    0
126     36   38  404  391    0    0    0    0    0
127    392  405   39   37    0    0    0    0    0
128    393  406  405  392    0    0    0    0    0
129    394  407  406  393    0    0    0    0    0
130    395  408  407  394    0    0    0    0    0
131    396  409  408  395    0    0    0    0    0
132    397  410  409  396    0    0    0    0    0
133    398  411  410  397    0    0    0    0    0
134    399  412  411  398    0    0    0    0    0
135    400  413  412  399    0    0    0    0    0
136    401  414  413  400    0    0    0    0    0
137    402  415  414  401    0    0    0    0    0
138    403  416  415  402    0    0    0    0    0
139    404  417  416  403    0    0    0    0    0
140     38   40  417  404    0    0    0    0    0
141    206   74   72  109    0    0    0    0    0
142    205  206  109  108    0    0    0    0    0
143    204  205  108  107    0    0    0    0    0
144    203  204  107  106    0    0    0    0    0
145    202  203  106  105    0    0    0    0    0
146     73  202  105   71    0    0    0    0    0
147    201   86   88  235    0    0    0    0    0
148    200  201  235  234    0    0    0    0    0
149    199  200  234  233    0    0    0    0    0
150    198  199  233  232    0    0    0    0    0
151    197  198  232  231    0    0    0    0    0
152     85  197  231   87    0    0    0    0    0
153    235   88   84  140    0    0    0    0    0
154    234  235  140  139    0    0    0    0    0
155    233  234  139  138    0    0    0    0    0
156    232  233  138  137    0    0    0    0    0
157    231  232  137  136    0    0    0    0    0
158     87  231  136   83    0    0    0    0    0
159    418  431   43   41    0    0    0    0    0
160    419  432  431  418    0    0    0    0    0
161    420  433  432  419    0    0    0    0    0
162    421  434  433  420    0    0    0    0    0
163    422  435  434  421    0    0    0    0    0
164    423  436  435  422    0    0    0    0    0
165    424  437  436  423    0    0    0    0    0
166    425  438  437  424    0    0    0    0    0
167    426  439  438  425    0    0    0    0    0
168    427  440  439  426    0    0    0    0    0
169    428  441  440  427    0    0    0    0    0
170    429  442  441  428    0    0    0    0    0
171    430  443  442  429    0    0    0    0    0
172     42   44  443  430    0    0    0    0    0
173    431  444   45   43    0    0    0    0    0
174    432  445  444  431    0    0    0    0    0
175    433  446  445  432    0    0    0    0    0
176    434  447  446  433    0    0    0    0    0
177    435  448  447  434    0    0    0    0    0
178    436  449  448  435    0    0    0    0    0
179    437  450  449  436    0    0    0    0    0
180    438  451  450  437    0    0    0    0    0
181    439  452  451  438    0    0    0    0    0
182    440  453  452  439    0    0    0    0    0
183    441  454  453  440    0    0    0    0    0
184    442  455  454  441    0    0    0    0    0
185    443  456  455  442    0    0    0    0    0
186     44   46  456  443    0    0    0    0    0
187    444  457   47   45    0    0    0    0    0
188    445  458  457  444    0    0    0    0    0
189    446  459  458  445    0    0    0    0    0
190    447  460  459  446    0    0    0    0    0
191    448  461  460  447    0    0    0    0    0
192    449  462  461  448    0    0    0    0    0
193    450  463  462  449    0    0    0    0    0
194    451  464  463  450    0    0    0    0    0
195    452  465  464  451    0    0    0    0    0
196    453  466  465  452    0    0    0    0    0
197    454  467  466  453    0    0    0    0    0
198    455  468  467  454    0    0    0    0    0
199    456  469  468  455    0    0    0    0    0
200     46   48  469  456    0    0    0    0    0
201    457  470   49   47    0    0    0    0    0
202    458  471  470  457    0    0    0    0    0
203    459  472  471  458    0    0    0    0    0
204    460  473  472  459    0    0    0    0    0
205    461  474  473  460    0    0    0    0    0
206    462  475  474  461    0    0    0    0    0
207    463  476  475  462    0    0    0    0    0
208    464  477  476  463    0    0    0    0    0
209    465  478  477  464    0    0    0    0    0
210    466  479  478  465    0    0    0    0    0
211    467  480  479  466    0    0    0    0    0
212    468  481  480  467    0    0    0    0    0
213    469  482  481  468    0    0    0    0    0
214     48   50  482  469    0    0    0    0    0
215    470  483   51   49    0    0    0    0    0
216    471  484  483  470    0    0    0    0    0
217    472  485  484  471    0    0    0    0    0
218    473  486  485  472    0    0    0    0    0
219    474  487  486  473    0    0    0    0    0
220    475  488  487  474    0    0    0    0    0
221    476  489  488  475    0    0    0    0    0
222    477  490  489  476    0    0    0    0    0
223    478  491  490  477    0    0    0    0    0
224    479  492  491  478    0    0    0    0    0
225    480  493  492  479    0    0    0    0    0
226    481  494  493  480    0    0    0    0    0
227    482  495  494  481    0    0    0    0    0
228     50   52  495  482    0    0    0    0    0
229    483  496   53   51    0    0    0    0    0
230    484  497  496  483    0    0    0    0    0
231    485  498  497  484    0    0    0    0    0
232    486  499  498  485    0    0    0    0    0
233    487  500  499  486    0    0    0    0    0
234    488  501  500  487    0    0    0    0    0
235    489  502  501  488    0    0    0    0    0
236    490  503  502  489    0    0    0    0    0
237    491  504  503  490    0    0    0    0    0
238    492  505  504  491    0    0    0    0    0
239    493  506  505  492    0    0    0    0    0
240    494  507  506  493    0    0    0    0    0
241    495  508  507  494    0    0    0    0    0
242     52   54  508  495    0    0    0    0    0
243    496  141    5   53    0    0    0    0    0
244    497  142  141  496    0    0    0    0    0
245    498  143  142  497    0    0    0    0    0
246    499  144  143  498    0    0    0    0    0
247    500  145  144  499    0    0    0    0    0
248    501  146  145  500    0    0    0    0    0
249    502  147  146  501    0    0    0    0    0
250    503  148  147  502    0    0    0    0    0
251    504  149  148  503    0    0    0    0    0
252    505  150  149  504    0    0    0    0    0
253    506  151  150  505    0    0    0    0    0
254    507  152  151  506    0    0    0    0    0
255    508  153  152  507    0    0    0    0    0
256     54    6  153  508    0    0    0    0    0
257    141  697  227    5    0    0    0    0    0
258    697  698  228  227    0    0    0    0    0
259    698  154    7  228    0    0    0    0    0
260    142  699  697  141    0    0    0    0    0
261    699  700  698  697    0    0    0    0    0
262    700  155  154  698    0    0    0    0    0
263    143  701  699  142    0    0    0    0    0
264    701  702  700  699    0    0    0    0    0
265    702  156  155  700    0    0    0    0    0
266    144  703  701  143    0    0    0    0    0
267    703  704  702  701    0    0    0    0    0
268    704  157  156  702    0    0    0    0    0
269    145  705  703  144    0    0    0    0    0
270    705  706  704  703    0    0    0    0    0
271    706  158  157  704    0    0    0    0    0
272    146  707  705  145    0    0    0    0    0
273    707  708  706  705    0    0    0    0    0
274    708  159  158  706    0    0    0    0    0
275    147  709  707  146    0    0    0    0    0
276    709  710  708  707    0    0    0    0    0
277    710  160  159  708    0    0    0    0    0
278    148  711  709  147    0    0    0    0    0
279    711  712  710  709    0    0    0    0    0
280    712  161  160  710    0    0    0    0    0
281    149  713  711  148    0    0    0    0    0
282    713  714  712  711    0    0    0    0    0
283    714  162  161  712    0    0    0    0    0
284    150  715  713  149    0    0    0    0    0
285    715  716  714  713    0    0    0    0    0
286    716  163  162  714    0    0    0    0    0
287    151  717  715  150    0    0    0    0    0
288    717  718  716  715    0    0    0    0    0
289    718  164  163  716    0    0    0    0    0
290    152  719  717  151    0    0    0    0    0
291    719  720  718  717    0    0    0    0    0
292    720  165  164  718    0    0    0    0    0
293    153  721  719  152    0    0    0    0    0
294    721  722  720  719    0    0    0    0    0
295    722  166  165  720    0    0    0    0    0
296      6  229  721  153    0    0    0    0    0
297    229  230  722  721    0    0    0    0    0
298    230    8  166  722    0    0    0    0    0
299    154  509   55    7    0    0    0    0    0
300    155  510  509  154    0    0    0    0    0
301    156  511  510  155    0    0    0    0    0
302    157  512  511  156    0    0    0    0    0
303    158  513  512  157    0    0    0    0    0
304    159  514  513  158    0    0    0    0    0
305    160  515  514  159    0    0    0    0    0
306    161  516  515  160    0    0    0    0    0
307    162  517  516  161    0    0    0    0    0
308    163  518  517  162    0    0    0    0    0
309    164  519  518  163    0    0    0    0    0
310    165  520  519  164    0    0    0    0    0
311    166  521  520  165    0    0    0    0    0
312      8   56  521  166    0    0    0    0    0
313    509  522   57   55    0    0    0    0    0
314    510  523  522  509    0    0    0    0    0
315    511  524  523  510    0    0    0    0    0
316    512  525  524  511    0    0    0    0    0
317    513  526  525  512    0    0    0    0    0
318    514  527  526  513    0    0    0    0    0
319    515  528  527  514    0    0    0    0    0
320    516  529  528  515    0    0    0    0    0
321    517  530  529  516    0    0    0    0    0
322    518  531  530  517    0    0    0    0    0
323    519  532  531  518    0    0    0    0    0
324    520  533  532  519    0    0    0    0    0
325    521  534  533  520    0    0    0    0    0
326     56   58  534  521    0    0    0    0    0
327    522  535   59   57    0    0    0    0    0
328    523  536  535  522    0    0    0    0    0
329    524  537  536  523    0    0    0    0    0
330    525  538  537  524    0    0    0    0    0
331    526  539  538  525    0    0    0    0    0
332    527  540  539  526    0    0    0    0    0
333    528  541  540  527    0    0    0    0    0
334    529  542  541  528    0    0    0    0    0
335    530  543  542  529    0    0    0    0    0
336    531  544  543  530    0    0    0    0    0
337    532  545  544  531    0    0    0    0    0
338    533  546  545  532    0    0    0    0    0
339    534  547  546  533    0    0    0    0    0
340     58   60  547  534    0    0    0    0    0
341    535  548   61   59    0    0    0    0    0
342    536  549  548  535    0    0    0    0    0
343    537  550  549  536    0    0    0    0    0
344    538  551  550  537    0    0    0    0    0
345    539  552  551  538    0    0    0    0    0
346    540  553  552  539    0    0    0    0    0
347    541  554  553  540    0    0    0    0    0
348    542  555  554  541    0    0    0    0    0
349    543  556  555  542    0    0    0    0    0
350    544  557  556  543    0    0    0    0    0
351    545  558  557  544    0    0    0    0    0
352    546  559  558  545    0    0    0    0    0
353    547  560  559  546    0    0    0    0    0
354     60   62  560  547    0    0    0    0    0
355    548  561   63   61    0    0    0    0    0
356    549  562  561  548    0    0    0    0    0
357    550  563  562  549    0    0    0    0    0
358    551  564  563  550    0    0    0    0    0
359    552  565  564  551    0    0    0    0    0
360    553  566  565  552    0    0    0    0    0
361    554  567  566  553    0    0    0    0    0
362    555  568  567  554    0    0    0    0    0
363    556  569  568  555    0    0    0    0    0
364    557  570  569  556    0    0    0    0    0
365    558  571  570  557    0    0    0    0    0
366    559  572  571  558    0    0    0    0    0
367    560  573  572  559    0    0    0    0    0
368     62   64  573  560    0    0    0    0    0
369    561  574   65   63    0    0    0    0    0
370    562  575  574  561    0    0    0    0    0
371    563  576  575  562    0    0    0    0    0
372    564  577  576  563    0    0    0    0    0
373    565  578  577  564    0    0    0    0    0
374    566  579  578  565    0    0    0    0    0
375    567  580  579  566    0    0    0    0    0
376    568  581  580  567    0    0    0    0    0
377    569  582  581  568    0    0    0    0    0
378    570  583  582  569    0    0    0    0    0
379    571  584  583  570    0    0    0    0    0
380    572  585  584  571    0    0    0    0    0
381    573  586  585  572    0    0    0    0    0
382     64   66  586  573    0    0    0    0    0
383    574  587   67   65    0    0    0    0    0
384    575  588  587  574    0    0    0    0    0
385    576  589  588  575    0    0    0    0    0
386    577  590  589  576    0    0    0    0    0
387    578  591  590  577    0    0    0    0    0
388    579  592  591  578    0    0    0    0    0
389    580  593  592  579    0    0    0    0    0
390    581  594  593  580    0    0    0    0    0
391    582  595  594  581    0    0    0    0    0
392    583  596  595  582    0    0    0    0    0
393    584  597  596  583    0    0    0    0    0
394    585  598  597  584    0    0    0    0    0
395    586  599  598  585    0    0    0    0    0
396     66   68  599  586    0    0    0    0    0
397    587  110    1   67    0    0    0    0    0
398    588  111  110  587    0    0    0    0    0
399    589  112  111  588    0    0    0    0    0
400    590  113  112  589    0    0    0    0    0
401    591  114  113  590    0    0    0    0    0
402    592  115  114  591    0    0    0    0    0
403    593  116  115  592    0    0    0    0    0
404    594  117  116  593    0    0    0    0    0
405    595  118  117  594    0    0    0    0    0
406    596  119  118  595    0    0    0    0    0
407    597  120  119  596    0    0    0    0    0
408    598  121  120  597    0    0    0    0    0
409    599  122  121  598    0    0    0    0    0
410     68    2  122  599    0    0    0    0    0
411     26   10  179  326    0    0    0    0    0
412    326  179  178  325    0    0    0    0    0
413    325  178  177  324    0    0    0    0    0
414    324  177  176  323    0    0    0    0    0
415    323  176  175  322    0    0    0    0    0
416    322  175  174  321    0    0    0    0    0
417    321  174  173  320    0    0    0    0    0
418    320  173  172  319    0    0    0    0    0
419    319  172  171  318    0    0    0    0    0
420    318  171  170  317    0    0    0    0    0
421    317  170  169  316    0    0    0    0    0
422    316  169  168  315    0    0    0    0    0
423    315  168  167  314    0    0    0    0    0
424    314  167    9   25    0    0    0    0    0
425     24   26  326  313    0    0    0    0    0
426    313  326  325  312    0    0    0    0    0
427    312  325  324  311    0    0    0    0    0
428    311  324  323  310    0    0    0    0    0
429    310  323  322  309    0    0    0    0    0
430    309  322  321  308    0    0    0    0    0
431    308  321  320  307    0    0    0    0    0
432    307  320  319  306    0    0    0    0    0
433    306  319  318  305    0    0    0    0    0
434    305  318  317  304    0    0    0    0    0
435    304  317  316  303    0    0    0    0    0
436    303  316  315  302    0    0    0    0    0
437    302  315  314  301    0    0    0    0    0
438    301  314   25   23    0    0    0    0    0
439     20   22  300  287    0    0    0    0    0
440    287  300  299  286    0    0    0    0    0
441    286  299  298  285    0    0    0    0    0
442    285  298  297  284    0    0    0    0    0
443    284  297  296  283    0    0    0    0    0
444    283  296  295  282    0    0    0    0    0
445    282  295  294  281    0    0    0    0    0
446    281  294  293  280    0    0    0    0    0
447    280  293  292  279    0    0    0    0    0
448    279  292  291  278    0    0    0    0    0
449    278  291  290  277    0    0    0    0    0
450    277  290  289  276    0    0    0    0    0
451    276  289  288  275    0    0    0    0    0
452    275  288   21   19    0    0    0    0    0
453     18   20  287  274    0    0    0    0    0
454    274  287  286  273    0    0    0    0    0
455    273  286  285  272    0    0    0    0    0
456    272  285  284  271    0    0    0    0    0
457    271  284  283  270    0    0    0    0    0
458    270  283  282  269    0    0    0    0    0
459    269  282  281  268    0    0    0    0    0
460    268  281  280  267    0    0    0    0    0
461    267  280  279  266    0    0    0    0    0
462    266  279  278  265    0    0    0    0    0
463    265  278  277  264    0    0    0    0    0
464    264  277  276  263    0    0    0    0    0
465    263  276  275  262    0    0    0    0    0
466    262  275   19   17    0    0    0    0    0
467     14   16  261  248    0    0    0    0    0
468    248  261  260  247    0    0    0    0    0
469    247  260  259  246    0    0    0    0    0
470    246  259  258  245    0    0    0    0    0
471    245  258  257  244    0    0    0    0    0
472    244  257  256  243    0    0    0    0    0
473    243  256  255  242    0    0    0    0    0
474    242  255  254  241    0    0    0    0    0
475    241  254  253  240    0    0    0    0    0
476    240  253  252  239    0    0    0    0    0
477    239  252  251  238    0    0    0    0    0
478    238  251  250  237    0    0    0    0    0
479    237  250  249  236    0    0    0    0    0
480    236  249   15   13    0    0    0    0    0
481      3   14  248  123    0    0    0    0    0
482    123  248  247  124    0    0    0    0    0
483    124  247  246  125    0    0    0    0    0
484    125  246  245  126    0    0    0    0    0
485    126  245  244  127    0    0    0    0    0
486    127  244  243  128    0    0    0    0    0
487    128  243  242  129    0    0    0    0    0
488    129  242  241  130    0    0    0    0    0
489    130  241  240  131    0    0    0    0    0
490    131  240  239  132    0    0    0    0    0
491    132  239  238  133    0    0    0    0    0
492    133  238  237  134    0    0    0    0    0
493    134  237  236  135    0    0    0    0    0
494    135  236   13    4    0    0    0    0    0
495     22   24  313  300    0    0    0    0    0
496    300  313  312  299    0    0    0    0    0
497    299  312  311  298    0    0    0    0    0
498    298  311  310  297    0    0    0    0    0
499    297  310  309  296    0    0    0    0    0
500    296  309  308  295    0    0    0    0    0
501    295  308  307  294    0    0    0    0    0
502    294  307  306  293    0    0    0    0    0
503    293  306  305  292    0    0    0    0    0
504    292  305  304  291    0    0    0    0    0
505    291  304  303  290    0    0    0    0    0
506    290  303  302  289    0    0    0    0    0
507    289  302  301  288    0    0    0    0    0
508    288  301   23   21    0    0    0    0    0
509    249  262   17   15    0    0    0    0    0
510    250  263  262  249    0    0    0    0    0
511    251  264  263  250    0    0    0    0    0
512    252  265  264  251    0    0    0    0    0
513    253  266  265  252    0    0    0    0    0
514    254  267  266  253    0    0    0    0    0
515    255  268  267  254    0    0    0    0    0
516    256  269  268  255    0    0    0    0    0
517    257  270  269  256    0    0    0    0    0
518    258  271  270  257    0    0    0    0    0
519    259  272  271  258    0    0    0    0    0
520    260  273  272  259    0    0    0    0    0
521    261  274  273  260    0    0    0    0    0
522     16   18  274  261    0    0    0    0    0
523     75  207  202   73    0    0    0    0    0
524    207  208  203  202    0    0    0    0    0
525    208  209  204  203    0    0    0    0    0
526    209  210  205  204    0    0    0    0    0
527    210  211  206  205    0    0    0    0    0
528    211   76   74  206    0    0    0    0    0
529     77  212  207   75    0    0    0    0    0
530    212  213  208  207    0    0    0    0    0
531    213  214  209  208    0    0    0    0    0
532    214  215  210  209    0    0    0    0    0
533    215  216  211  210    0    0    0    0    0
534    216   78   76  211    0    0    0    0    0
535    221   80   78  216    0    0    0    0    0
536    220  221  216  215    0    0    0    0    0
537    219  220  215  214    0    0    0    0    0
538    218  219  214  213    0    0    0    0    0
539    217  218  213  212    0    0    0    0    0
540     79  217  212   77    0    0    0    0    0
541    226   82   80  221    0    0    0    0    0
542    225  226  221  220    0    0    0    0    0
543    224  225  220  219    0    0    0    0    0
544    223  224  219  218    0    0    0    0    0
545    222  223  218  217    0    0    0    0    0
546     81  222  217   79    0    0    0    0    0
547    140   84   82  226    0    0    0    0    0
548    139  140  226  225    0    0    0    0    0
549    138  139  225  224    0    0    0    0    0
550    137  138  224  223    0    0    0    0    0
551    136  137  223  222    0    0    0    0    0
552     83  136  222   81    0    0    0    0    0
553    600  418   41   72    0    0    0    0    0
554    601  419  418  600    0    0    0    0    0
555    602  420  419  601    0    0    0    0    0
556    603  421  420  602    0    0    0    0    0
557    604  422  421  603    0    0    0    0    0
558    605  423  422  604    0    0    0    0    0
559    606  424  423  605    0    0    0    0    0
560    607  425  424  606    0    0    0    0    0
561    608  426  425  607    0    0    0    0    0
562    609  427  426  608    0    0    0    0    0
563    610  428  427  609    0    0    0    0    0
564    611  429  428  610    0    0    0    0    0
565    612  430  429  611    0    0    0    0    0
566     70   42  430  612    0    0    0    0    0
567    405  613   71   39    0    0    0    0    0
568    406  614  613  405    0    0    0    0    0
569    407  615  614  406    0    0    0    0    0
570    408  616  615  407    0    0    0    0    0
571    409  617  616  408    0    0    0    0    0
572    410  618  617  409    0    0    0    0    0
573    411  619  618  410    0    0    0    0    0
574    412  620  619  411    0    0    0    0    0
575    413  621  620  412    0    0    0    0    0
576    414  622  621  413    0    0    0    0    0
577    415  623  622  414    0    0    0    0    0
578    416  624  623  415    0    0    0    0    0
579    417  625  624  416    0    0    0    0    0
580     40   69  625  417    0    0    0    0    0
581    103  666  636   91    0    0    0    0    0
582    666  667  637  636    0    0    0    0    0
583    667  668  638  637    0    0    0    0    0
584    668  669  639  638    0    0    0    0    0
585    669  670  640  639    0    0    0    0    0
586    670  104   92  640    0    0    0    0    0
587     89  631  666  103    0    0    0    0    0
588    631  632  667  666    0    0    0    0    0
589    632  633  668  667    0    0    0    0    0
590    633  634  669  668    0    0    0    0    0
591    634  635  670  669    0    0    0    0    0
592    635   90  104  670    0    0    0    0    0
593    101  661  631   89    0    0    0    0    0
594    661  662  632  631    0    0    0    0    0
595    662  663  633  632    0    0    0    0    0
596    663  664  634  633    0    0    0    0    0
597    664  665  635  634    0    0    0    0    0
598    665  102   90  635    0    0    0    0    0
599     99  656  661  101    0    0    0    0    0
600    656  657  662  661    0    0    0    0    0
601    657  658  663  662    0    0    0    0    0
602    658  659  664  663    0    0    0    0    0
603    659  660  665  664    0    0    0    0    0
604    660  100  102  665    0    0    0    0    0
605     97  651  656   99    0    0    0    0    0
606    651  652  657  656    0    0    0    0    0
607    652  653  658  657    0    0    0    0    0
608    653  654  659  658    0    0    0    0    0
609    654  655  660  659    0    0    0    0    0
610    655   98  100  660    0    0    0    0    0
611     95  646  651   97    0    0    0    0    0
612    646  647  652  651    0    0    0    0    0
613    647  648  653  652    0    0    0    0    0
614    648  649  654  653    0    0    0    0    0
615    649  650  655  654    0    0    0    0    0
616    650   96   98  655    0    0    0    0    0
617     93  641  646   95    0    0    0    0    0
618    641  642  647  646    0    0    0    0    0
619    642  643  648  647    0    0    0    0    0
620    643  644  649  648    0    0    0    0    0
621    644  645  650  649    0    0    0    0    0
622    645   94   96  650    0    0    0    0    0
623     69  626  641   93    0    0    0    0    0
624    626  627  642  641    0    0    0    0    0
625    627  628  643  642    0    0    0    0    0
626    628  629  644  643    0    0    0    0    0
627    629  630  645  644    0    0    0    0    0
628    630   70   94  645    0    0    0    0    0

  1   7   90.00
  2   7   90.00
  3   7   90.00
  4   7   90.00
  5   7   90.00
  6   7   90.00
  7   7   90.00
  8   7   90.00
  9   7   90.00
 10   7   90.00
 11   7   90.00
 12   7   90.00
 13   7   90.00
 14   7   90.00
 15   7   90.00
 16   7   90.00
 17   7   90.00
 18   7   90.00
 19   7   90.00
 20   7   90.00
 21   7   90.00
 22   7   90.00
 23   7   90.00
 24   7   90.00
 25   7   90.00
 26   7   90.00
 27   7   90.00
 28   7   90.00
 29   7   90.00
 30   7   90.00
 31   7   90.00
 32   7   90.00
 33   7   90.00
 34   7   90.00
 35   7   90.00
 36   7   90.00
 37   7   90.00
 38   7   90.00
 39   7   90.00
 40   7   90.00
 41   7   90.00
 42   7   90.00
 43   3   90.00
 44   3   90.00
 45   3   90.00
 46   3   90.00
 47   3   90.00
 48   3   90.00
 49   3   90.00
 50   3   90.00
 51   3   90.00
 52   3   90.00
 53   3   90.00
 54   3   90.00
 55   3   90.00
 56   3   90.00
 57   2   90.00
 58   2   90.00
 59   2   90.00
 60   2   90.00
 61   2   90.00
 62   2   90.00
 63   2   90.00
 64   2   90.00
 65   2   90.00
 66   2   90.00
 67   2   90.00
 68   2   90.00
 69   2   90.00
 70   2   90.00
 71   3   90.00
 72   3   90.00
 73   3   90.00
 74   3   90.00
 75   3   90.00
 76   3   90.00
 77   3   90.00
 78   3   90.00
 79   3   90.00
 80   3   90.00
 81   3   90.00
 82   3   90.00
 83   3   90.00
 84   3   90.00
 85   2   90.00
 86   2   90.00
 87   2   90.00
 88   2   90.00
 89   2   90.00
 90   2   90.00
 91   2   90.00
 92   2   90.00
 93   2   90.00
 94   2   90.00
 95   2   90.00
 96   2   90.00
 97   2   90.00
 98   2   90.00
 99   3   90.00
100   3   90.00
101   3   90.00
102   3   90.00
103   3   90.00
104   3   90.00
105   3   90.00
106   3   90.00
107   3   90.00
108   3   90.00
109   3   90.00
110   3   90.00
111   3   90.00
112   3   90.00
113   2   90.00
114   2   90.00
115   2   90.00
116   2   90.00
117   2   90.00
118   2   90.00
119   2   90.00
120   2   90.00
121   2   90.00
122   2   90.00
123   2   90.00
124   2   90.00
125   2   90.00
126   2   90.00
127   3   90.00
128   3   90.00
129   3   90.00
130   3   90.00
131   3   90.00
132   3   90.00
133   3   90.00
134   3   90.00
135   3   90.00
136   3   90.00
137   3   90.00
138   3   90.00
139   3   90.00
140   3   90.00
141   6    0.00
142   6    0.00
143   6    0.00
144   6    0.00
145   6    0.00
146   6    0.00
147   1    0.00
148   1    0.00
149   1    0.00
150   1    0.00
151   1    0.00
152   1    0.00
153   1    0.00
154   1    0.00
155   1    0.00
156   1    0.00
157   1    0.00
158   1    0.00
159   3  270.00
160   3  270.00
161   3  270.00
162   3  270.00
163   3  270.00
164   3  270.00
165   3  270.00
166   3  270.00
167   3  270.00
168   3  270.00
169   3  270.00
170   3  270.00
171   3  270.00
172   3  270.00
173   2  270.00
174   2  270.00
175   2  270.00
176   2  270.00
177   2  270.00
178   2  270.00
179   2  270.00
180   2  270.00
181   2  270.00
182   2  270.00
183   2  270.00
184   2  270.00
185   2  270.00
186   2  270.00
187   3  270.00
188   3  270.00
189   3  270.00
190   3  270.00
191   3  270.00
192   3  270.00
193   3  270.00
194   3  270.00
195   3  270.00
196   3  270.00
197   3  270.00
198   3  270.00
199   3  270.00
200   3  270.00
201   2  270.00
202   2  270.00
203   2  270.00
204   2  270.00
205   2  270.00
206   2  270.00
207   2  270.00
208   2  270.00
209   2  270.00
210   2  270.00
211   2  270.00
212   2  270.00
213   2  270.00
214   2  270.00
215   3  270.00
216   3  270.00
217   3  270.00
218   3  270.00
219   3  270.00
220   3  270.00
221   3  270.00
222   3  270.00
223   3  270.00
224   3  270.00
225   3  270.00
226   3  270.00
227   3  270.00
228   3  270.00
229   2  270.00
230   2  270.00
231   2  270.00
232   2  270.00
233   2  270.00
234   2  270.00
235   2  270.00
236   2  270.00
237   2  270.00
238   2  270.00
239   2  270.00
240   2  270.00
241   2  270.00
242   2  270.00
243   3  270.00
244   3  270.00
245   3  270.00
246   3  270.00
247   3  270.00
248   3  270.00
249   3  270.00
250   3  270.00
251   3  270.00
252   3  270.00
253   3  270.00
254   3  270.00
255   3  270.00
256   3  270.00
257   7  270.00
258   7  270.00
259   7  270.00
260   7  270.00
261   7  270.00
262   7  270.00
263   7  270.00
264   7  270.00
265   7  270.00
266   7  270.00
267   7  270.00
268   7  270.00
269   7  270.00
270   7  270.00
271   7  270.00
272   7  270.00
273   7  270.00
274   7  270.00
275   7  270.00
276   7  270.00
277   7  270.00
278   7  270.00
279   7  270.00
280   7  270.00
281   7  270.00
282   7  270.00
283   7  270.00
284   7  270.00
285   7  270.00
286   7  270.00
287   7  270.00
288   7  270.00
289   7  270.00
290   7  270.00
291   7  270.00
292   7  270.00
293   7  270.00
294   7  270.00
295   7  270.00
296   7  270.00
297   7  270.00
298   7  270.00
299   2  270.00
300   2  270.00
301   2  270.00
302   2  270.00
303   2  270.00
304   2  270.00
305   2  270.00
306   2  270.00
307   2  270.00
308   2  270.00
309   2  270.00
310   2  270.00
311   2  270.00
312   2  270.00
313   3  270.00
314   3  270.00
315   3  270.00
316   3  270.00
317   3  270.00
318   3  270.00
319   3  270.00
320   3  270.00
321   3  270.00
322   3  270.00
323   3  270.00
324   3  270.00
325   3  270.00
326   3  270.00
327   2  270.00
328   2  270.00
329   2  270.00
330   2  270.00
331   2  270.00
332   2  270.00
333   2  270.00
334   2  270.00
335   2  270.00
336   2  270.00
337   2  270.00
338   2  270.00
339   2  270.00
340   2  270.00
341   3  270.00
342   3  270.00
343   3  270.00
344   3  270.00
345   3  270.00
346   3  270.00
347   3  270.00
348   3  270.00
349   3  270.00
350   3  270.00
351   3  270.00
352   3  270.00
353   3  270.00
354   3  270.00
355   2  270.00
356   2  270.00
357   2  270.00
358   2  270.00
359   2  270.00
360   2  270.00
361   2  270.00
362   2  270.00
363   2  270.00
364   2  270.00
365   2  270.00
366   2  270.00
367   2  270.00
368   2  270.00
369   3  270.00
370   3  270.00
371   3  270.00
372   3  270.00
373   3  270.00
374   3  270.00
375   3  270.00
376   3  270.00
377   3  270.00
378   3  270.00
379   3  270.00
380   3  270.00
381   3  270.00
382   3  270.00
383   2  270.00
384   2  270.00
385   2  270.00
386   2  270.00
387   2  270.00
388   2  270.00
389   2  270.00
390   2  270.00
391   2  270.00
392   2  270.00
393   2  270.00
394   2  270.00
395   2  270.00
396   2  270.00
397   3  270.00
398   3  270.00
399   3  270.00
400   3  270.00
401   3  270.00
402   3  270.00
403   3  270.00
404   3  270.00
405   3  270.00
406   3  270.00
407   3  270.00
408   3  270.00
409   3  270.00
410   3  270.00
411   2   90.00
412   2   90.00
413   2   90.00
414   2   90.00
415   2   90.00
416   2   90.00
417   2   90.00
418   2   90.00
419   2   90.00
420   2   90.00
421   2   90.00
422   2   90.00
423   2   90.00
424   2   90.00
425   3   90.00
426   3   90.00
427   3   90.00
428   3   90.00
429   3   90.00
430   3   90.00
431   3   90.00
432   3   90.00
433   3   90.00
434   3   90.00
435   3   90.00
436   3   90.00
437   3   90.00
438   3   90.00
439   3   90.00
440   3   90.00
441   3   90.00
442   3   90.00
443   3   90.00
444   3   90.00
445   3   90.00
446   3   90.00
447   3   90.00
448   3   90.00
449   3   90.00
450   3   90.00
451   3   90.00
452   3   90.00
453   2   90.00
454   2   90.00
455   2   90.00
456   2   90.00
457   2   90.00
458   2   90.00
459   2   90.00
460   2   90.00
461   2   90.00
462   2   90.00
463   2   90.00
464   2   90.00
465   2   90.00
466   2   90.00
467   2   90.00
468   2   90.00
469   2   90.00
470   2   90.00
471   2   90.00
472   2   90.00
473   2   90.00
474   2   90.00
475   2   90.00
476   2   90.00
477   2   90.00
478   2   90.00
479   2   90.00
480   2   90.00
481   3   90.00
482   3   90.00
483   3   90.00
484   3   90.00
485   3   90.00
486   3   90.00
487   3   90.00
488   3   90.00
489   3   90.00
490   3   90.00
491   3   90.00
492   3   90.00
493   3   90.00
494   3   90.00
495   2   90.00
496   2   90.00
497   2   90.00
498   2   90.00
499   2   90.00
500   2   90.00
501   2   90.00
502   2   90.00
503   2   90.00
504   2   90.00
505   2   90.00
506   2   90.00
507   2   90.00
508   2   90.00
509   3   90.00
510   3   90.00
511   3   90.00
512   3   90.00
513   3   90.00
514   3   90.00
515   3   90.00
516   3   90.00
517   3   90.00
518   3   90.00
519   3   90.00
520   3   90.00
521   3   90.00
522   3   90.00
523   6    0.00
524   6    0.00
525   6    0.00
526   6    0.00
527   6    0.00
528   6    0.00
529   5    0.00
530   5    0.00
531   5    0.00
532   5    0.00
533   5    0.00
534   5    0.00
535   4    0.00
536   4    0.00
537   4    0.00
538   4    0.00
539   4    0.00
540   4    0.00
541   5    0.00
542   5    0.00
543   5    0.00
544   5    0.00
545   5    0.00
546   5    0.00
547   4    0.00
548   4    0.00
549   4    0.00
550   4    0.00
551   4    0.00
552   4    0.00
553   2  270.00
554   2  270.00
555   2  270.00
556   2  270.00
557   2  270.00
558   2  270.00
559   2  270.00
560   2  270.00
561   2  270.00
562   2  270.00
563   2  270.00
564   2  270.00
565   2  270.00
566   2  270.00
567   2   90.00
568   2   90.00
569   2   90.00
570   2   90.00
571   2   90.00
572   2   90.00
573   2   90.00
574   2   90.00
575   2   90.00
576   2   90.00
577   2   90.00
578   2   90.00
579   2   90.00
580   2   90.00
581   1  180.00
582   1  180.00
583   1  180.00
584   1  180.00
585   1  180.00
586   1  180.00
587   1  180.00
588   1  180.00
589   1  180.00
590   1  180.00
591   1  180.00
592   1  180.00
593   4  180.00
594   4  180.00
595   4  180.00
596   4  180.00
597   4  180.00
598   4  180.00
599   5  180.00
600   5  180.00
601   5  180.00
602   5  180.00
603   5  180.00
604   5  180.00
605   4  180.00
606   4  180.00
607   4  180.00
608   4  180.00
609   4  180.00
610   4  180.00
611   5  180.00
612   5  180.00
613   5  180.00
614   5  180.00
615   5  180.00
616   5  180.00
617   6  180.00
618   6  180.00
619   6  180.00
620   6  180.00
621   6  180.00
622   6  180.00
623   6  180.00
624   6  180.00
625   6  180.00
626   6  180.00
627   6  180.00
628   6  180.00

1    1     0.00
2    2    45.00
3    2   -45.00
4    3    45.00
5    3   -45.00
6    3     0.00
7    4     0.00

1   1   # E-LT-5500/EP-3
4.18000e+10   1.40000e+10   1.40000e+10
2.63000e+09   2.63000e+09   2.63000e+09
2.80000e-01   2.80000e-01   2.80000e-01
1.92000e+03

2   1   # Saertex/EP-3
1.36000e+10   1.33000e+10   1.33000e+10
1.18000e+10   1.18000e+10   1.18000e+10
5.10000e-01   5.10000e-01   5.10000e-01
1.78000e+03

3   1   # SNL Triax
2.77000e+10   1.36500e+10   1.36500e+10
7.20000e+09   7.20000e+09   7.20000e+09
3.90000e-01   3.90000e-01   3.90000e-01
1.85000e+03

4   0   # Foam
2.56000e+08   3.00000e-01
2.00000e+02

