1 7
1 0 0    # Timoshenko_flag  recover_flag  thermal_flag
1 0 0 0  # curve_flag  oblique_flag  trapeze_flag  Vlasov_flag
0.0 0.0 0.0

722 628 4   # nnode  nelem  nmate   (where: nnode = total number of nodes, nelem = total number of elements, nmate = total number of material types)

  1     0.83600000     2.22750000
  2     0.83600000    -2.22750000
  3    -0.83600000    -2.22750000
  4    -0.83600000     2.22750000
  5     0.75300000     2.22750000
  6     0.75300000    -2.22750000
  7     0.83300000     2.22750000
  8     0.83300000    -2.22750000
  9    -0.83300000     2.22750000
 10    -0.83300000    -2.22750000
 11    -0.75300000     2.22750000
 12    -0.75300000    -2.22750000
 13    -0.83562500     2.22750000
 14    -0.83562500    -2.22750000
 15    -0.83525000     2.22750000
 16    -0.83525000    -2.22750000
 17    -0.83487500     2.22750000
 18    -0.83487500    -2.22750000
 19    -0.83450000     2.22750000
 20    -0.83450000    -2.22750000
 21    -0.83412500     2.22750000
 22    -0.83412500    -2.22750000
 23    -0.83375000     2.22750000
 24    -0.83375000    -2.22750000
 25    -0.83337500     2.22750000
 26    -0.83337500    -2.22750000
 27    -0.75262500     2.22750000
 28    -0.75262500    -2.22750000
 29    -0.75225000     2.22750000
 30    -0.75225000    -2.22750000
 31    -0.75187500     2.22750000
 32    -0.75187500    -2.22750000
 33    -0.75150000     2.22750000
 34    -0.75150000    -2.22750000
 35    -0.75112500     2.22750000
 36    -0.75112500    -2.22750000
 37    -0.75075000     2.22750000
 38    -0.75075000    -2.22750000
 39    -0.75037500     2.22750000
 40    -0.75037500    -2.22750000
 41     0.75037500     2.22750000
 42     0.75037500    -2.22750000
 43     0.75075000     2.22750000
 44     0.75075000    -2.22750000
 45     0.75112500     2.22750000
 46     0.75112500    -2.22750000
 47     0.75150000     2.22750000
 48     0.75150000    -2.22750000
 49     0.75187500     2.22750000
 50     0.75187500    -2.22750000
 51     0.75225000     2.22750000
 52     0.75225000    -2.22750000
 53     0.75262500     2.22750000
 54     0.75262500    -2.22750000
 55     0.83337500     2.22750000
 56     0.83337500    -2.22750000
 57     0.83375000     2.22750000
 58     0.83375000    -2.22750000
 59     0.83412500     2.22750000
 60     0.83412500    -2.22750000
 61     0.83450000     2.22750000
 62     0.83450000    -2.22750000
 63     0.83487500     2.22750000
 64     0.83487500    -2.22750000
 65     0.83525000     2.22750000
 66     0.83525000    -2.22750000
 67     0.83562500     2.22750000
 68     0.83562500    -2.22750000
 69     0.75000000    -2.22750000
 70    -0.75000000    -2.22750000
 71    -0.75000000     2.22750000
 72     0.75000000     2.22750000
 73     0.75000000     2.22500000
 74    -0.75000000     2.22500000
 75     0.75000000     2.22250000
 76    -0.75000000     2.22250000
 77    -0.75000000     2.22000000
 78     0.75000000     2.22000000
 79    -0.75000000     2.21750000
 80     0.75000000     2.21750000
 81    -0.75000000     2.21500000
 82     0.75000000     2.21500000
 83    -0.75000000     2.21250000
 84     0.75000000     2.21250000
 85    -0.75000000     2.16150000
 86     0.75000000     2.16150000
 87    -0.75000000     2.18700000
 88     0.75000000     2.18700000
 89    -0.75000000    -2.22500000
 90     0.75000000    -2.22500000
 91    -0.75000000    -2.16150000
 92     0.75000000    -2.16150000
 93    -0.75000000    -2.18700000
 94     0.75000000    -2.18700000
 95    -0.75000000    -2.21250000
 96     0.75000000    -2.21250000
 97    -0.75000000    -2.22250000
 98     0.75000000    -2.22250000
 99    -0.75000000    -2.22000000
100     0.75000000    -2.22000000
101    -0.75000000    -2.21750000
102     0.75000000    -2.21750000
103    -0.75000000    -2.21500000
104     0.75000000    -2.21500000
105     0.83600000     1.90928571
106     0.83600000     1.59107143
107     0.83600000     1.27285714
108     0.83600000     0.95464286
109     0.83600000     0.63642857
110     0.83600000     0.31821429
111     0.83600000     0.00000000
112     0.83600000    -0.31821429
113     0.83600000    -0.63642857
114     0.83600000    -0.95464286
115     0.83600000    -1.27285714
116     0.83600000    -1.59107143
117     0.83600000    -1.90928571
118    -0.83600000    -1.90928571
119    -0.83600000    -1.59107143
120    -0.83600000    -1.27285714
121    -0.83600000    -0.95464286
122    -0.83600000    -0.63642857
123    -0.83600000    -0.31821429
124    -0.83600000     0.00000000
125    -0.83600000     0.31821429
126    -0.83600000     0.63642857
127    -0.83600000     0.95464286
128    -0.83600000     1.27285714
129    -0.83600000     1.59107143
130    -0.83600000     1.90928571
131     0.75300000     1.90928571
132     0.75300000     1.59107143
133     0.75300000     1.27285714
134     0.75300000     0.95464286
135     0.75300000     0.63642857
136     0.75300000     0.31821429
137     0.75300000     0.00000000
138     0.75300000    -0.31821429
139     0.75300000    -0.63642857
140     0.75300000    -0.95464286
141     0.75300000    -1.27285714
142     0.75300000    -1.59107143
143     0.75300000    -1.90928571
144     0.83300000     1.90928571
145     0.83300000     1.59107143
146     0.83300000     1.27285714
147     0.83300000     0.95464286
148     0.83300000     0.63642857
149     0.83300000     0.31821429
150     0.83300000     0.00000000
151     0.83300000    -0.31821429
152     0.83300000    -0.63642857
153     0.83300000    -0.95464286
154     0.83300000    -1.27285714
155     0.83300000    -1.59107143
156     0.83300000    -1.90928571
157    -0.83300000     1.90928571
158    -0.83300000     1.59107143
159    -0.83300000     1.27285714
160    -0.83300000     0.95464286
161    -0.83300000     0.63642857
162    -0.83300000     0.31821429
163    -0.83300000     0.00000000
164    -0.83300000    -0.31821429
165    -0.83300000    -0.63642857
166    -0.83300000    -0.95464286
167    -0.83300000    -1.27285714
168    -0.83300000    -1.59107143
169    -0.83300000    -1.90928571
170    -0.75300000     1.90928571
171    -0.75300000     1.59107143
172    -0.75300000     1.27285714
173    -0.75300000     0.95464286
174    -0.75300000     0.63642857
175    -0.75300000     0.31821429
176    -0.75300000     0.00000000
177    -0.75300000    -0.31821429
178    -0.75300000    -0.63642857
179    -0.75300000    -0.95464286
180    -0.75300000    -1.27285714
181    -0.75300000    -1.59107143
182    -0.75300000    -1.90928571
183    -0.80633333     2.22750000
184    -0.77966667     2.22750000
185    -0.77966667    -2.22750000
186    -0.80633333    -2.22750000
187     0.77966667     2.22750000
188     0.80633333     2.22750000
189     0.77966667    -2.22750000
190     0.80633333    -2.22750000
191    -0.83562500     1.90928571
192    -0.83562500     1.59107143
193    -0.83562500     1.27285714
194    -0.83562500     0.95464286
195    -0.83562500     0.63642857
196    -0.83562500     0.31821429
197    -0.83562500     0.00000000
198    -0.83562500    -0.31821429
199    -0.83562500    -0.63642857
200    -0.83562500    -0.95464286
201    -0.83562500    -1.27285714
202    -0.83562500    -1.59107143
203    -0.83562500    -1.90928571
204    -0.83525000     1.90928571
205    -0.83525000     1.59107143
206    -0.83525000     1.27285714
207    -0.83525000     0.95464286
208    -0.83525000     0.63642857
209    -0.83525000     0.31821429
210    -0.83525000     0.00000000
211    -0.83525000    -0.31821429
212    -0.83525000    -0.63642857
213    -0.83525000    -0.95464286
214    -0.83525000    -1.27285714
215    -0.83525000    -1.59107143
216    -0.83525000    -1.90928571
217    -0.83487500     1.90928571
218    -0.83487500     1.59107143
219    -0.83487500     1.27285714
220    -0.83487500     0.95464286
221    -0.83487500     0.63642857
222    -0.83487500     0.31821429
223    -0.83487500     0.00000000
224    -0.83487500    -0.31821429
225    -0.83487500    -0.63642857
226    -0.83487500    -0.95464286
227    -0.83487500    -1.27285714
228    -0.83487500    -1.59107143
229    -0.83487500    -1.90928571
230    -0.83450000     1.90928571
231    -0.83450000     1.59107143
232    -0.83450000     1.27285714
233    -0.83450000     0.95464286
234    -0.83450000     0.63642857
235    -0.83450000     0.31821429
236    -0.83450000     0.00000000
237    -0.83450000    -0.31821429
238    -0.83450000    -0.63642857
239    -0.83450000    -0.95464286
240    -0.83450000    -1.27285714
241    -0.83450000    -1.59107143
242    -0.83450000    -1.90928571
243    -0.83412500     1.90928571
244    -0.83412500     1.59107143
245    -0.83412500     1.27285714
246    -0.83412500     0.95464286
247    -0.83412500     0.63642857
248    -0.83412500     0.31821429
249    -0.83412500     0.00000000
250    -0.83412500    -0.31821429
251    -0.83412500    -0.63642857
252    -0.83412500    -0.95464286
253    -0.83412500    -1.27285714
254    -0.83412500    -1.59107143
255    -0.83412500    -1.90928571
256    -0.83375000     1.90928571
257    -0.83375000     1.59107143
258    -0.83375000     1.27285714
259    -0.83375000     0.95464286
260    -0.83375000     0.63642857
261    -0.83375000     0.31821429
262    -0.83375000     0.00000000
263    -0.83375000    -0.31821429
264    -0.83375000    -0.63642857
265    -0.83375000    -0.95464286
266    -0.83375000    -1.27285714
267    -0.83375000    -1.59107143
268    -0.83375000    -1.90928571
269    -0.83337500     1.90928571
270    -0.83337500     1.59107143
271    -0.83337500     1.27285714
272    -0.83337500     0.95464286
273    -0.83337500     0.63642857
274    -0.83337500     0.31821429
275    -0.83337500     0.00000000
276    -0.83337500    -0.31821429
277    -0.83337500    -0.63642857
278    -0.83337500    -0.95464286
279    -0.83337500    -1.27285714
280    -0.83337500    -1.59107143
281    -0.83337500    -1.90928571
282    -0.75262500     1.90928571
283    -0.75262500     1.59107143
284    -0.75262500     1.27285714
285    -0.75262500     0.95464286
286    -0.75262500     0.63642857
287    -0.75262500     0.31821429
288    -0.75262500     0.00000000
289    -0.75262500    -0.31821429
290    -0.75262500    -0.63642857
291    -0.75262500    -0.95464286
292    -0.75262500    -1.27285714
293    -0.75262500    -1.59107143
294    -0.75262500    -1.90928571
295    -0.75225000     1.90928571
296    -0.75225000     1.59107143
297    -0.75225000     1.27285714
298    -0.75225000     0.95464286
299    -0.75225000     0.63642857
300    -0.75225000     0.31821429
301    -0.75225000     0.00000000
302    -0.75225000    -0.31821429
303    -0.75225000    -0.63642857
304    -0.75225000    -0.95464286
305    -0.75225000    -1.27285714
306    -0.75225000    -1.59107143
307    -0.75225000    -1.90928571
308    -0.75187500     1.90928571
309    -0.75187500     1.59107143
310    -0.75187500     1.27285714
311    -0.75187500     0.95464286
312    -0.75187500     0.63642857
313    -0.75187500     0.31821429
314    -0.75187500     0.00000000
315    -0.75187500    -0.31821429
316    -0.75187500    -0.63642857
317    -0.75187500    -0.95464286
318    -0.75187500    -1.27285714
319    -0.75187500    -1.59107143
320    -0.75187500    -1.90928571
321    -0.75150000     1.90928571
322    -0.75150000     1.59107143
323    -0.75150000     1.27285714
324    -0.75150000     0.95464286
325    -0.75150000     0.63642857
326    -0.75150000     0.31821429
327    -0.75150000     0.00000000
328    -0.75150000    -0.31821429
329    -0.75150000    -0.63642857
330    -0.75150000    -0.95464286
331    -0.75150000    -1.27285714
332    -0.75150000    -1.59107143
333    -0.75150000    -1.90928571
334    -0.75112500     1.90928571
335    -0.75112500     1.59107143
336    -0.75112500     1.27285714
337    -0.75112500     0.95464286
338    -0.75112500     0.63642857
339    -0.75112500     0.31821429
340    -0.75112500     0.00000000
341    -0.75112500    -0.31821429
342    -0.75112500    -0.63642857
343    -0.75112500    -0.95464286
344    -0.75112500    -1.27285714
345    -0.75112500    -1.59107143
346    -0.75112500    -1.90928571
347    -0.75075000     1.90928571
348    -0.75075000     1.59107143
349    -0.75075000     1.27285714
350    -0.75075000     0.95464286
351    -0.75075000     0.63642857
352    -0.75075000     0.31821429
353    -0.75075000     0.00000000
354    -0.75075000    -0.31821429
355    -0.75075000    -0.63642857
356    -0.75075000    -0.95464286
357    -0.75075000    -1.27285714
358    -0.75075000    -1.59107143
359    -0.75075000    -1.90928571
360    -0.75037500     1.90928571
361    -0.75037500     1.59107143
362    -0.75037500     1.27285714
363    -0.75037500     0.95464286
364    -0.75037500     0.63642857
365    -0.75037500     0.31821429
366    -0.75037500     0.00000000
367    -0.75037500    -0.31821429
368    -0.75037500    -0.63642857
369    -0.75037500    -0.95464286
370    -0.75037500    -1.27285714
371    -0.75037500    -1.59107143
372    -0.75037500    -1.90928571
373     0.75037500     1.90928571
374     0.75037500     1.59107143
375     0.75037500     1.27285714
376     0.75037500     0.95464286
377     0.75037500     0.63642857
378     0.75037500     0.31821429
379     0.75037500     0.00000000
380     0.75037500    -0.31821429
381     0.75037500    -0.63642857
382     0.75037500    -0.95464286
383     0.75037500    -1.27285714
384     0.75037500    -1.59107143
385     0.75037500    -1.90928571
386     0.75075000     1.90928571
387     0.75075000     1.59107143
388     0.75075000     1.27285714
389     0.75075000     0.95464286
390     0.75075000     0.63642857
391     0.75075000     0.31821429
392     0.75075000     0.00000000
393     0.75075000    -0.31821429
394     0.75075000    -0.63642857
395     0.75075000    -0.95464286
396     0.75075000    -1.27285714
397     0.75075000    -1.59107143
398     0.75075000    -1.90928571
399     0.75112500     1.90928571
400     0.75112500     1.59107143
401     0.75112500     1.27285714
402     0.75112500     0.95464286
403     0.75112500     0.63642857
404     0.75112500     0.31821429
405     0.75112500     0.00000000
406     0.75112500    -0.31821429
407     0.75112500    -0.63642857
408     0.75112500    -0.95464286
409     0.75112500    -1.27285714
410     0.75112500    -1.59107143
411     0.75112500    -1.90928571
412     0.75150000     1.90928571
413     0.75150000     1.59107143
414     0.75150000     1.27285714
415     0.75150000     0.95464286
416     0.75150000     0.63642857
417     0.75150000     0.31821429
418     0.75150000     0.00000000
419     0.75150000    -0.31821429
420     0.75150000    -0.63642857
421     0.75150000    -0.95464286
422     0.75150000    -1.27285714
423     0.75150000    -1.59107143
424     0.75150000    -1.90928571
425     0.75187500     1.90928571
426     0.75187500     1.59107143
427     0.75187500     1.27285714
428     0.75187500     0.95464286
429     0.75187500     0.63642857
430     0.75187500     0.31821429
431     0.75187500     0.00000000
432     0.75187500    -0.31821429
433     0.75187500    -0.63642857
434     0.75187500    -0.95464286
435     0.75187500    -1.27285714
436     0.75187500    -1.59107143
437     0.75187500    -1.90928571
438     0.75225000     1.90928571
439     0.75225000     1.59107143
440     0.75225000     1.27285714
441     0.75225000     0.95464286
442     0.75225000     0.63642857
443     0.75225000     0.31821429
444     0.75225000     0.00000000
445     0.75225000    -0.31821429
446     0.75225000    -0.63642857
447     0.75225000    -0.95464286
448     0.75225000    -1.27285714
449     0.75225000    -1.59107143
450     0.75225000    -1.90928571
451     0.75262500     1.90928571
452     0.75262500     1.59107143
453     0.75262500     1.27285714
454     0.75262500     0.95464286
455     0.75262500     0.63642857
456     0.75262500     0.31821429
457     0.75262500     0.00000000
458     0.75262500    -0.31821429
459     0.75262500    -0.63642857
460     0.75262500    -0.95464286
461     0.75262500    -1.27285714
462     0.75262500    -1.59107143
463     0.75262500    -1.90928571
464     0.83337500     1.90928571
465     0.83337500     1.59107143
466     0.83337500     1.27285714
467     0.83337500     0.95464286
468     0.83337500     0.63642857
469     0.83337500     0.31821429
470     0.83337500    -0.00000000
471     0.83337500    -0.31821429
472     0.83337500    -0.63642857
473     0.83337500    -0.95464286
474     0.83337500    -1.27285714
475     0.83337500    -1.59107143
476     0.83337500    -1.90928571
477     0.83375000     1.90928571
478     0.83375000     1.59107143
479     0.83375000     1.27285714
480     0.83375000     0.95464286
481     0.83375000     0.63642857
482     0.83375000     0.31821429
483     0.83375000    -0.00000000
484     0.83375000    -0.31821429
485     0.83375000    -0.63642857
486     0.83375000    -0.95464286
487     0.83375000    -1.27285714
488     0.83375000    -1.59107143
489     0.83375000    -1.90928571
490     0.83412500     1.90928571
491     0.83412500     1.59107143
492     0.83412500     1.27285714
493     0.83412500     0.95464286
494     0.83412500     0.63642857
495     0.83412500     0.31821429
496     0.83412500    -0.00000000
497     0.83412500    -0.31821429
498     0.83412500    -0.63642857
499     0.83412500    -0.95464286
500     0.83412500    -1.27285714
501     0.83412500    -1.59107143
502     0.83412500    -1.90928571
503     0.83450000     1.90928571
504     0.83450000     1.59107143
505     0.83450000     1.27285714
506     0.83450000     0.95464286
507     0.83450000     0.63642857
508     0.83450000     0.31821429
509     0.83450000    -0.00000000
510     0.83450000    -0.31821429
511     0.83450000    -0.63642857
512     0.83450000    -0.95464286
513     0.83450000    -1.27285714
514     0.83450000    -1.59107143
515     0.83450000    -1.90928571
516     0.83487500     1.90928571
517     0.83487500     1.59107143
518     0.83487500     1.27285714
519     0.83487500     0.95464286
520     0.83487500     0.63642857
521     0.83487500     0.31821429
522     0.83487500    -0.00000000
523     0.83487500    -0.31821429
524     0.83487500    -0.63642857
525     0.83487500    -0.95464286
526     0.83487500    -1.27285714
527     0.83487500    -1.59107143
528     0.83487500    -1.90928571
529     0.83525000     1.90928571
530     0.83525000     1.59107143
531     0.83525000     1.27285714
532     0.83525000     0.95464286
533     0.83525000     0.63642857
534     0.83525000     0.31821429
535     0.83525000    -0.00000000
536     0.83525000    -0.31821429
537     0.83525000    -0.63642857
538     0.83525000    -0.95464286
539     0.83525000    -1.27285714
540     0.83525000    -1.59107143
541     0.83525000    -1.90928571
542     0.83562500     1.90928571
543     0.83562500     1.59107143
544     0.83562500     1.27285714
545     0.83562500     0.95464286
546     0.83562500     0.63642857
547     0.83562500     0.31821429
548     0.83562500    -0.00000000
549     0.83562500    -0.31821429
550     0.83562500    -0.63642857
551     0.83562500    -0.95464286
552     0.83562500    -1.27285714
553     0.83562500    -1.59107143
554     0.83562500    -1.90928571
555     0.75000000     1.90928571
556     0.75000000     1.59107143
557     0.75000000     1.27285714
558     0.75000000     0.95464286
559     0.75000000     0.63642857
560     0.75000000     0.31821429
561     0.75000000     0.00000000
562     0.75000000    -0.31821429
563     0.75000000    -0.63642857
564     0.75000000    -0.95464286
565     0.75000000    -1.27285714
566     0.75000000    -1.59107143
567     0.75000000    -1.90928571
568    -0.75000000     1.90928571
569    -0.75000000     1.59107143
570    -0.75000000     1.27285714
571    -0.75000000     0.95464286
572    -0.75000000     0.63642857
573    -0.75000000     0.31821429
574    -0.75000000     0.00000000
575    -0.75000000    -0.31821429
576    -0.75000000    -0.63642857
577    -0.75000000    -0.95464286
578    -0.75000000    -1.27285714
579    -0.75000000    -1.59107143
580    -0.75000000    -1.90928571
581    -0.50000000     2.22750000
582    -0.25000000     2.22750000
583     0.00000000     2.22750000
584     0.25000000     2.22750000
585     0.50000000     2.22750000
586    -0.50000000     2.22500000
587    -0.25000000     2.22500000
588     0.00000000     2.22500000
589     0.25000000     2.22500000
590     0.50000000     2.22500000
591    -0.50000000     2.22250000
592    -0.25000000     2.22250000
593     0.00000000     2.22250000
594     0.25000000     2.22250000
595     0.50000000     2.22250000
596    -0.50000000     2.22000000
597    -0.25000000     2.22000000
598     0.00000000     2.22000000
599     0.25000000     2.22000000
600     0.50000000     2.22000000
601    -0.50000000     2.21750000
602    -0.25000000     2.21750000
603     0.00000000     2.21750000
604     0.25000000     2.21750000
605     0.50000000     2.21750000
606    -0.50000000     2.21500000
607    -0.25000000     2.21500000
608     0.00000000     2.21500000
609     0.25000000     2.21500000
610     0.50000000     2.21500000
611    -0.50000000     2.21250000
612    -0.25000000     2.21250000
613     0.00000000     2.21250000
614     0.25000000     2.21250000
615     0.50000000     2.21250000
616    -0.50000000     2.16150000
617    -0.25000000     2.16150000
618     0.00000000     2.16150000
619     0.25000000     2.16150000
620     0.50000000     2.16150000
621    -0.50000000     2.18700000
622    -0.25000000     2.18700000
623     0.00000000     2.18700000
624     0.25000000     2.18700000
625     0.50000000     2.18700000
626    -0.50000000    -2.22500000
627    -0.25000000    -2.22500000
628     0.00000000    -2.22500000
629     0.25000000    -2.22500000
630     0.50000000    -2.22500000
631    -0.50000000    -2.22750000
632    -0.25000000    -2.22750000
633     0.00000000    -2.22750000
634     0.25000000    -2.22750000
635     0.50000000    -2.22750000
636    -0.50000000    -2.16150000
637    -0.25000000    -2.16150000
638     0.00000000    -2.16150000
639     0.25000000    -2.16150000
640     0.50000000    -2.16150000
641    -0.50000000    -2.18700000
642    -0.25000000    -2.18700000
643     0.00000000    -2.18700000
644     0.25000000    -2.18700000
645     0.50000000    -2.18700000
646    -0.50000000    -2.21250000
647    -0.25000000    -2.21250000
648     0.00000000    -2.21250000
649     0.25000000    -2.21250000
650     0.50000000    -2.21250000
651    -0.50000000    -2.22250000
652    -0.25000000    -2.22250000
653     0.00000000    -2.22250000
654     0.25000000    -2.22250000
655     0.50000000    -2.22250000
656    -0.50000000    -2.22000000
657    -0.25000000    -2.22000000
658     0.00000000    -2.22000000
659     0.25000000    -2.22000000
660     0.50000000    -2.22000000
661    -0.50000000    -2.21750000
662    -0.25000000    -2.21750000
663     0.00000000    -2.21750000
664     0.25000000    -2.21750000
665     0.50000000    -2.21750000
666    -0.50000000    -2.21500000
667    -0.25000000    -2.21500000
668     0.00000000    -2.21500000
669     0.25000000    -2.21500000
670     0.50000000    -2.21500000
671    -0.80633333     1.90928571
672    -0.77966667     1.90928571
673    -0.80633333     1.59107143
674    -0.77966667     1.59107143
675    -0.80633333     1.27285714
676    -0.77966667     1.27285714
677    -0.80633333     0.95464286
678    -0.77966667     0.95464286
679    -0.80633333     0.63642857
680    -0.77966667     0.63642857
681    -0.80633333     0.31821429
682    -0.77966667     0.31821429
683    -0.80633333     0.00000000
684    -0.77966667     0.00000000
685    -0.80633333    -0.31821429
686    -0.77966667    -0.31821429
687    -0.80633333    -0.63642857
688    -0.77966667    -0.63642857
689    -0.80633333    -0.95464286
690    -0.77966667    -0.95464286
691    -0.80633333    -1.27285714
692    -0.77966667    -1.27285714
693    -0.80633333    -1.59107143
694    -0.77966667    -1.59107143
695    -0.80633333    -1.90928571
696    -0.77966667    -1.90928571
697     0.77966667     1.90928571
698     0.80633333     1.90928571
699     0.77966667     1.59107143
700     0.80633333     1.59107143
701     0.77966667     1.27285714
702     0.80633333     1.27285714
703     0.77966667     0.95464286
704     0.80633333     0.95464286
705     0.77966667     0.63642857
706     0.80633333     0.63642857
707     0.77966667     0.31821429
708     0.80633333     0.31821429
709     0.77966667     0.00000000
710     0.80633333     0.00000000
711     0.77966667    -0.31821429
712     0.80633333    -0.31821429
713     0.77966667    -0.63642857
714     0.80633333    -0.63642857
715     0.77966667    -0.95464286
716     0.80633333    -0.95464286
717     0.77966667    -1.27285714
718     0.80633333    -1.27285714
719     0.77966667    -1.59107143
720     0.80633333    -1.59107143
721     0.77966667    -1.90928571
722     0.80633333    -1.90928571

  1    157  671  183    9    0    0    0    0    0
  2    671  672  184  183    0    0    0    0    0
  3    672  170   11  184    0    0    0    0    0
  4    158  673  671  157    0    0    0    0    0
  5    673  674  672  671    0    0    0    0    0
  6    674  171  170  672    0    0    0    0    0
  7    159  675  673  158    0    0    0    0    0
  8    675  676  674  673    0    0    0    0    0
  9    676  172  171  674    0    0    0    0    0
 10    160  677  675  159    0    0    0    0    0
 11    677  678  676  675    0    0    0    0    0
 12    678  173  172  676    0    0    0    0    0
 13    161  679  677  160    0    0    0    0    0
 14    679  680  678  677    0    0    0    0    0
 15    680  174  173  678    0    0    0    0    0
 16    162  681  679  161    0    0    0    0    0
 17    681  682  680  679    0    0    0    0    0
 18    682  175  174  680    0    0    0    0    0
 19    163  683  681  162    0    0    0    0    0
 20    683  684  682  681    0    0    0    0    0
 21    684  176  175  682    0    0    0    0    0
 22    164  685  683  163    0    0    0    0    0
 23    685  686  684  683    0    0    0    0    0
 24    686  177  176  684    0    0    0    0    0
 25    165  687  685  164    0    0    0    0    0
 26    687  688  686  685    0    0    0    0    0
 27    688  178  177  686    0    0    0    0    0
 28    166  689  687  165    0    0    0    0    0
 29    689  690  688  687    0    0    0    0    0
 30    690  179  178  688    0    0    0    0    0
 31    167  691  689  166    0    0    0    0    0
 32    691  692  690  689    0    0    0    0    0
 33    692  180  179  690    0    0    0    0    0
 34    168  693  691  167    0    0    0    0    0
 35    693  694  692  691    0    0    0    0    0
 36    694  181  180  692    0    0    0    0    0
 37    169  695  693  168    0    0    0    0    0
 38    695  696  694  693    0    0    0    0    0
 39    696  182  181  694    0    0    0    0    0
 40     10  186  695  169    0    0    0    0    0
 41    186  185  696  695    0    0    0    0    0
 42    185   12  182  696    0    0    0    0    0
 43    170  282   27   11    0    0    0    0    0
 44    171  283  282  170    0    0    0    0    0
 45    172  284  283  171    0    0    0    0    0
 46    173  285  284  172    0    0    0    0    0
 47    174  286  285  173    0    0    0    0    0
 48    175  287  286  174    0    0    0    0    0
 49    176  288  287  175    0    0    0    0    0
 50    177  289  288  176    0    0    0    0    0
 51    178  290  289  177    0    0    0    0    0
 52    179  291  290  178    0    0    0    0    0
 53    180  292  291  179    0    0    0    0    0
 54    181  293  292  180    0    0    0    0    0
 55    182  294  293  181    0    0    0    0    0
 56     12   28  294  182    0    0    0    0    0
 57    282  295   29   27    0    0    0    0    0
 58    283  296  295  282    0    0    0    0    0
 59    284  297  296  283    0    0    0    0    0
 60    285  298  297  284    0    0    0    0    0
 61    286  299  298  285    0    0    0    0    0
 62    287  300  299  286    0    0    0    0    0
 63    288  301  300  287    0    0    0    0    0
 64    289  302  301  288    0    0    0    0    0
 65    290  303  302  289    0    0    0    0    0
 66    291  304  303  290    0    0    0    0    0
 67    292  305  304  291    0    0    0    0    0
 68    293  306  305  292    0    0    0    0    0
 69    294  307  306  293    0    0    0    0    0
 70     28   30  307  294    0    0    0    0    0
 71    295  308   31   29    0    0    0    0    0
 72    296  309  308  295    0    0    0    0    0
 73    297  310  309  296    0    0    0    0    0
 74    298  311  310  297    0    0    0    0    0
 75    299  312  311  298    0    0    0    0    0
 76    300  313  312  299    0    0    0    0    0
 77    301  314  313  300    0    0    0    0    0
 78    302  315  314  301    0    0    0    0    0
 79    303  316  315  302    0    0    0    0    0
 80    304  317  316  303    0    0    0    0    0
 81    305  318  317  304    0    0    0    0    0
 82    306  319  318  305    0    0    0    0    0
 83    307  320  319  306    0    0    0    0    0
 84     30   32  320  307    0    0    0    0    0
 85    308  321   33   31    0    0    0    0    0
 86    309  322  321  308    0    0    0    0    0
 87    310  323  322  309    0    0    0    0    0
 88    311  324  323  310    0    0    0    0    0
 89    312  325  324  311    0    0    0    0    0
 90    313  326  325  312    0    0    0    0    0
 91    314  327  326  313    0    0    0    0    0
 92    315  328  327  314    0    0    0    0    0
 93    316  329  328  315    0    0    0    0    0
 94    317  330  329  316    0    0    0    0    0
 95    318  331  330  317    0    0    0    0    0
 96    319  332  331  318    0    0    0    0    0
 97    320  333  332  319    0    0    0    0    0
 98     32   34  333  320    0    0    0    0    0
 99    321  334   35   33    0    0    0    0    0
100    322  335  334  321    0    0    0    0    0
101    323  336  335  322    0    0    0    0    0
102    324  337  336  323    0    0    0    0    0
103    325  338  337  324    0    0    0    0    0
104    326  339  338  325    0    0    0    0    0
105    327  340  339  326    0    0    0    0    0
106    328  341  340  327    0    0    0    0    0
107    329  342  341  328    0    0    0    0    0
108    330  343  342  329    0    0    0    0    0
109    331  344  343  330    0    0    0    0    0
110    332  345  344  331    0    0    0    0    0
111    333  346  345  332    0    0    0    0    0
112     34   36  346  333    0    0    0    0    0
113    334  347   37   35    0    0    0    0    0
114    335  348  347  334    0    0    0    0    0
115    336  349  348  335    0    0    0    0    0
116    337  350  349  336    0    0    0    0    0
117    338  351  350  337    0    0    0    0    0
118    339  352  351  338    0    0    0    0    0
119    340  353  352  339    0    0    0    0    0
120    341  354  353  340    0    0    0    0    0
121    342  355  354  341    0    0    0    0    0
122    343  356  355  342    0    0    0    0    0
123    344  357  356  343    0    0    0    0    0
124    345  358  357  344    0    0    0    0    0
125    346  359  358  345    0    0    0    0    0
126     36   38  359  346    0    0    0    0    0
127    347  360   39   37    0    0    0    0    0
128    348  361  360  347    0    0    0    0    0
129    349  362  361  348    0    0    0    0    0
130    350  363  362  349    0    0    0    0    0
131    351  364  363  350    0    0    0    0    0
132    352  365  364  351    0    0    0    0    0
133    353  366  365  352    0    0    0    0    0
134    354  367  366  353    0    0    0    0    0
135    355  368  367  354    0    0    0    0    0
136    356  369  368  355    0    0    0    0    0
137    357  370  369  356    0    0    0    0    0
138    358  371  370  357    0    0    0    0    0
139    359  372  371  358    0    0    0    0    0
140     38   40  372  359    0    0    0    0    0
141    590   73   72  585    0    0    0    0    0
142    589  590  585  584    0    0    0    0    0
143    588  589  584  583    0    0    0    0    0
144    587  588  583  582    0    0    0    0    0
145    586  587  582  581    0    0    0    0    0
146     74  586  581   71    0    0    0    0    0
147    620   86   88  625    0    0    0    0    0
148    619  620  625  624    0    0    0    0    0
149    618  619  624  623    0    0    0    0    0
150    617  618  623  622    0    0    0    0    0
151    616  617  622  621    0    0    0    0    0
152     85  616  621   87    0    0    0    0    0
153    625   88   84  615    0    0    0    0    0
154    624  625  615  614    0    0    0    0    0
155    623  624  614  613    0    0    0    0    0
156    622  623  613  612    0    0    0    0    0
157    621  622  612  611    0    0    0    0    0
158     87  621  611   83    0    0    0    0    0
159    373  386   43   41    0    0    0    0    0
160    374  387  386  373    0    0    0    0    0
161    375  388  387  374    0    0    0    0    0
162    376  389  388  375    0    0    0    0    0
163    377  390  389  376    0    0    0    0    0
164    378  391  390  377    0    0    0    0    0
165    379  392  391  378    0    0    0    0    0
166    380  393  392  379    0    0    0    0    0
167    381  394  393  380    0    0    0    0    0
168    382  395  394  381    0    0    0    0    0
169    383  396  395  382    0    0    0    0    0
170    384  397  396  383    0    0    0    0    0
171    385  398  397  384    0    0    0    0    0
172     42   44  398  385    0    0    0    0    0
173    386  399   45   43    0    0    0    0    0
174    387  400  399  386    0    0    0    0    0
175    388  401  400  387    0    0    0    0    0
176    389  402  401  388    0    0    0    0    0
177    390  403  402  389    0    0    0    0    0
178    391  404  403  390    0    0    0    0    0
179    392  405  404  391    0    0    0    0    0
180    393  406  405  392    0    0    0    0    0
181    394  407  406  393    0    0    0    0    0
182    395  408  407  394    0    0    0    0    0
183    396  409  408  395    0    0    0    0    0
184    397  410  409  396    0    0    0    0    0
185    398  411  410  397    0    0    0    0    0
186     44   46  411  398    0    0    0    0    0
187    399  412   47   45    0    0    0    0    0
188    400  413  412  399    0    0    0    0    0
189    401  414  413  400    0    0    0    0    0
190    402  415  414  401    0    0    0    0    0
191    403  416  415  402    0    0    0    0    0
192    404  417  416  403    0    0    0    0    0
193    405  418  417  404    0    0    0    0    0
194    406  419  418  405    0    0    0    0    0
195    407  420  419  406    0    0    0    0    0
196    408  421  420  407    0    0    0    0    0
197    409  422  421  408    0    0    0    0    0
198    410  423  422  409    0    0    0    0    0
199    411  424  423  410    0    0    0    0    0
200     46   48  424  411    0    0    0    0    0
201    412  425   49   47    0    0    0    0    0
202    413  426  425  412    0    0    0    0    0
203    414  427  426  413    0    0    0    0    0
204    415  428  427  414    0    0    0    0    0
205    416  429  428  415    0    0    0    0    0
206    417  430  429  416    0    0    0    0    0
207    418  431  430  417    0    0    0    0    0
208    419  432  431  418    0    0    0    0    0
209    420  433  432  419    0    0    0    0    0
210    421  434  433  420    0    0    0    0    0
211    422  435  434  421    0    0    0    0    0
212    423  436  435  422    0    0    0    0    0
213    424  437  436  423    0    0    0    0    0
214     48   50  437  424    0    0    0    0    0
215    425  438   51   49    0    0    0    0    0
216    426  439  438  425    0    0    0    0    0
217    427  440  439  426    0    0    0    0    0
218    428  441  440  427    0    0    0    0    0
219    429  442  441  428    0    0    0    0    0
220    430  443  442  429    0    0    0    0    0
221    431  444  443  430    0    0    0    0    0
222    432  445  444  431    0    0    0    0    0
223    433  446  445  432    0    0    0    0    0
224    434  447  446  433    0    0    0    0    0
225    435  448  447  434    0    0    0    0    0
226    436  449  448  435    0    0    0    0    0
227    437  450  449  436    0    0    0    0    0
228     50   52  450  437    0    0    0    0    0
229    438  451   53   51    0    0    0    0    0
230    439  452  451  438    0    0    0    0    0
231    440  453  452  439    0    0    0    0    0
232    441  454  453  440    0    0    0    0    0
233    442  455  454  441    0    0    0    0    0
234    443  456  455  442    0    0    0    0    0
235    444  457  456  443    0    0    0    0    0
236    445  458  457  444    0    0    0    0    0
237    446  459  458  445    0    0    0    0    0
238    447  460  459  446    0    0    0    0    0
239    448  461  460  447    0    0    0    0    0
240    449  462  461  448    0    0    0    0    0
241    450  463  462  449    0    0    0    0    0
242     52   54  463  450    0    0    0    0    0
243    451  131    5   53    0    0    0    0    0
244    452  132  131  451    0    0    0    0    0
245    453  133  132  452    0    0    0    0    0
246    454  134  133  453    0    0    0    0    0
247    455  135  134  454    0    0    0    0    0
248    456  136  135  455    0    0    0    0    0
249    457  137  136  456    0    0    0    0    0
250    458  138  137  457    0    0    0    0    0
251    459  139  138  458    0    0    0    0    0
252    460  140  139  459    0    0    0    0    0
253    461  141  140  460    0    0    0    0    0
254    462  142  141  461    0    0    0    0    0
255    463  143  142  462    0    0    0    0    0
256     54    6  143  463    0    0    0    0    0
257    131  697  187    5    0    0    0    0    0
258    697  698  188  187    0    0    0    0    0
259    698  144    7  188    0    0    0    0    0
260    132  699  697  131    0    0    0    0    0
261    699  700  698  697    0    0    0    0    0
262    700  145  144  698    0    0    0    0    0
263    133  701  699  132    0    0    0    0    0
264    701  702  700  699    0    0    0    0    0
265    702  146  145  700    0    0    0    0    0
266    134  703  701  133    0    0    0    0    0
267    703  704  702  701    0    0    0    0    0
268    704  147  146  702    0    0    0    0    0
269    135  705  703  134    0    0    0    0    0
270    705  706  704  703    0    0    0    0    0
271    706  148  147  704    0    0    0    0    0
272    136  707  705  135    0    0    0    0    0
273    707  708  706  705    0    0    0    0    0
274    708  149  148  706    0    0    0    0    0
275    137  709  707  136    0    0    0    0    0
276    709  710  708  707    0    0    0    0    0
277    710  150  149  708    0    0    0    0    0
278    138  711  709  137    0    0    0    0    0
279    711  712  710  709    0    0    0    0    0
280    712  151  150  710    0    0    0    0    0
281    139  713  711  138    0    0    0    0    0
282    713  714  712  711    0    0    0    0    0
283    714  152  151  712    0    0    0    0    0
284    140  715  713  139    0    0    0    0    0
285    715  716  714  713    0    0    0    0    0
286    716  153  152  714    0    0    0    0    0
287    141  717  715  140    0    0    0    0    0
288    717  718  716  715    0    0    0    0    0
289    718  154  153  716    0    0    0    0    0
290    142  719  717  141    0    0    0    0    0
291    719  720  718  717    0    0    0    0    0
292    720  155  154  718    0    0    0    0    0
293    143  721  719  142    0    0    0    0    0
294    721  722  720  719    0    0    0    0    0
295    722  156  155  720    0    0    0    0    0
296      6  189  721  143    0    0    0    0    0
297    189  190  722  721    0    0    0    0    0
298    190    8  156  722    0    0    0    0    0
299    144  464   55    7    0    0    0    0    0
300    145  465  464  144    0    0    0    0    0
301    146  466  465  145    0    0    0    0    0
302    147  467  466  146    0    0    0    0    0
303    148  468  467  147    0    0    0    0    0
304    149  469  468  148    0    0    0    0    0
305    150  470  469  149    0    0    0    0    0
306    151  471  470  150    0    0    0    0    0
307    152  472  471  151    0    0    0    0    0
308    153  473  472  152    0    0    0    0    0
309    154  474  473  153    0    0    0    0    0
310    155  475  474  154    0    0    0    0    0
311    156  476  475  155    0    0    0    0    0
312      8   56  476  156    0    0    0    0    0
313    464  477   57   55    0    0    0    0    0
314    465  478  477  464    0    0    0    0    0
315    466  479  478  465    0    0    0    0    0
316    467  480  479  466    0    0    0    0    0
317    468  481  480  467    0    0    0    0    0
318    469  482  481  468    0    0    0    0    0
319    470  483  482  469    0    0    0    0    0
320    471  484  483  470    0    0    0    0    0
321    472  485  484  471    0    0    0    0    0
322    473  486  485  472    0    0    0    0    0
323    474  487  486  473    0    0    0    0    0
324    475  488  487  474    0    0    0    0    0
325    476  489  488  475    0    0    0    0    0
326     56   58  489  476    0    0    0    0    0
327    477  490   59   57    0    0    0    0    0
328    478  491  490  477    0    0    0    0    0
329    479  492  491  478    0    0    0    0    0
330    480  493  492  479    0    0    0    0    0
331    481  494  493  480    0    0    0    0    0
332    482  495  494  481    0    0    0    0    0
333    483  496  495  482    0    0    0    0    0
334    484  497  496  483    0    0    0    0    0
335    485  498  497  484    0    0    0    0    0
336    486  499  498  485    0    0    0    0    0
337    487  500  499  486    0    0    0    0    0
338    488  501  500  487    0    0    0    0    0
339    489  502  501  488    0    0    0    0    0
340     58   60  502  489    0    0    0    0    0
341    490  503   61   59    0    0    0    0    0
342    491  504  503  490    0    0    0    0    0
343    492  505  504  491    0    0    0    0    0
344    493  506  505  492    0    0    0    0    0
345    494  507  506  493    0    0    0    0    0
346    495  508  507  494    0    0    0    0    0
347    496  509  508  495    0    0    0    0    0
348    497  510  509  496    0    0    0    0    0
349    498  511  510  497    0    0    0    0    0
350    499  512  511  498    0    0    0    0    0
351    500  513  512  499    0    0    0    0    0
352    501  514  513  500    0    0    0    0    0
353    502  515  514  501    0    0    0    0    0
354     60   62  515  502    0    0    0    0    0
355    503  516   63   61    0    0    0    0    0
356    504  517  516  503    0    0    0    0    0
357    505  518  517  504    0    0    0    0    0
358    506  519  518  505    0    0    0    0    0
359    507  520  519  506    0    0    0    0    0
360    508  521  520  507    0    0    0    0    0
361    509  522  521  508    0    0    0    0    0
362    510  523  522  509    0    0    0    0    0
363    511  524  523  510    0    0    0    0    0
364    512  525  524  511    0    0    0    0    0
365    513  526  525  512    0    0    0    0    0
366    514  527  526  513    0    0    0    0    0
367    515  528  527  514    0    0    0    0    0
368     62   64  528  515    0    0    0    0    0
369    516  529   65   63    0    0    0    0    0
370    517  530  529  516    0    0    0    0    0
371    518  531  530  517    0    0    0    0    0
372    519  532  531  518    0    0    0    0    0
373    520  533  532  519    0    0    0    0    0
374    521  534  533  520    0    0    0    0    0
375    522  535  534  521    0    0    0    0    0
376    523  536  535  522    0    0    0    0    0
377    524  537  536  523    0    0    0    0    0
378    525  538  537  524    0    0    0    0    0
379    526  539  538  525    0    0    0    0    0
380    527  540  539  526    0    0    0    0    0
381    528  541  540  527    0    0    0    0    0
382     64   66  541  528    0    0    0    0    0
383    529  542   67   65    0    0    0    0    0
384    530  543  542  529    0    0    0    0    0
385    531  544  543  530    0    0    0    0    0
386    532  545  544  531    0    0    0    0    0
387    533  546  545  532    0    0    0    0    0
388    534  547  546  533    0    0    0    0    0
389    535  548  547  534    0    0    0    0    0
390    536  549  548  535    0    0    0    0    0
391    537  550  549  536    0    0    0    0    0
392    538  551  550  537    0    0    0    0    0
393    539  552  551  538    0    0    0    0    0
394    540  553  552  539    0    0    0    0    0
395    541  554  553  540    0    0    0    0    0
396     66   68  554  541    0    0    0    0    0
397    542  105    1   67    0    0    0    0    0
398    543  106  105  542    0    0    0    0    0
399    544  107  106  543    0    0    0    0    0
400    545  108  107  544    0    0    0    0    0
401    546  109  108  545    0    0    0    0    0
402    547  110  109  546    0    0    0    0    0
403    548  111  110  547    0    0    0    0    0
404    549  112  111  548    0    0    0    0    0
405    550  113  112  549    0    0    0    0    0
406    551  114  113  550    0    0    0    0    0
407    552  115  114  551    0    0    0    0    0
408    553  116  115  552    0    0    0    0    0
409    554  117  116  553    0    0    0    0    0
410     68    2  117  554    0    0    0    0    0
411     26   10  169  281    0    0    0    0    0
412    281  169  168  280    0    0    0    0    0
413    280  168  167  279    0    0    0    0    0
414    279  167  166  278    0    0    0    0    0
415    278  166  165  277    0    0    0    0    0
416    277  165  164  276    0    0    0    0    0
417    276  164  163  275    0    0    0    0    0
418    275  163  162  274    0    0    0    0    0
419    274  162  161  273    0    0    0    0    0
420    273  161  160  272    0    0    0    0    0
421    272  160  159  271    0    0    0    0    0
422    271  159  158  270    0    0    0    0    0
423    270  158  157  269    0    0    0    0    0
424    269  157    9   25    0    0    0    0    0
425     24   26  281  268    0    0    0    0    0
426    268  281  280  267    0    0    0    0    0
427    267  280  279  266    0    0    0    0    0
428    266  279  278  265    0    0    0    0    0
429    265  278  277  264    0    0    0    0    0
430    264  277  276  263    0    0    0    0    0
431    263  276  275  262    0    0    0    0    0
432    262  275  274  261    0    0    0    0    0
433    261  274  273  260    0    0    0    0    0
434    260  273  272  259    0    0    0    0    0
435    259  272  271  258    0    0    0    0    0
436    258  271  270  257    0    0    0    0    0
437    257  270  269  256    0    0    0    0    0
438    256  269   25   23    0    0    0    0    0
439     20   22  255  242    0    0    0    0    0
440    242  255  254  241    0    0    0    0    0
441    241  254  253  240    0    0    0    0    0
442    240  253  252  239    0    0    0    0    0
443    239  252  251  238    0    0    0    0    0
444    238  251  250  237    0    0    0    0    0
445    237  250  249  236    0    0    0    0    0
446    236  249  248  235    0    0    0    0    0
447    235  248  247  234    0    0    0    0    0
448    234  247  246  233    0    0    0    0    0
449    233  246  245  232    0    0    0    0    0
450    232  245  244  231    0    0    0    0    0
451    231  244  243  230    0    0    0    0    0
452    230  243   21   19    0    0    0    0    0
453     18   20  242  229    0    0    0    0    0
454    229  242  241  228    0    0    0    0    0
455    228  241  240  227    0    0    0    0    0
456    227  240  239  226    0    0    0    0    0
457    226  239  238  225    0    0    0    0    0
458    225  238  237  224    0    0    0    0    0
459    224  237  236  223    0    0    0    0    0
460    223  236  235  222    0    0    0    0    0
461    222  235  234  221    0    0    0    0    0
462    221  234  233  220    0    0    0    0    0
463    220  233  232  219    0    0    0    0    0
464    219  232  231  218    0    0    0    0    0
465    218  231  230  217    0    0    0    0    0
466    217  230   19   17    0    0    0    0    0
467     14   16  216  203    0    0    0    0    0
468    203  216  215  202    0    0    0    0    0
469    202  215  214  201    0    0    0    0    0
470    201  214  213  200    0    0    0    0    0
471    200  213  212  199    0    0    0    0    0
472    199  212  211  198    0    0    0    0    0
473    198  211  210  197    0    0    0    0    0
474    197  210  209  196    0    0    0    0    0
475    196  209  208  195    0    0    0    0    0
476    195  208  207  194    0    0    0    0    0
477    194  207  206  193    0    0    0    0    0
478    193  206  205  192    0    0    0    0    0
479    192  205  204  191    0    0    0    0    0
480    191  204   15   13    0    0    0    0    0
481      3   14  203  118    0    0    0    0    0
482    118  203  202  119    0    0    0    0    0
483    119  202  201  120    0    0    0    0    0
484    120  201  200  121    0    0    0    0    0
485    121  200  199  122    0    0    0    0    0
486    122  199  198  123    0    0    0    0    0
487    123  198  197  124    0    0    0    0    0
488    124  197  196  125    0    0    0    0    0
489    125  196  195  126    0    0    0    0    0
490    126  195  194  127    0    0    0    0    0
491    127  194  193  128    0    0    0    0    0
492    128  193  192  129    0    0    0    0    0
493    129  192  191  130    0    0    0    0    0
494    130  191   13    4    0    0    0    0    0
495     22   24  268  255    0    0    0    0    0
496    255  268  267  254    0    0    0    0    0
497    254  267  266  253    0    0    0    0    0
498    253  266  265  252    0    0    0    0    0
499    252  265  264  251    0    0    0    0    0
500    251  264  263  250    0    0    0    0    0
501    250  263  262  249    0    0    0    0    0
502    249  262  261  248    0    0    0    0    0
503    248  261  260  247    0    0    0    0    0
504    247  260  259  246    0    0    0    0    0
505    246  259  258  245    0    0    0    0    0
506    245  258  257  244    0    0    0    0    0
507    244  257  256  243    0    0    0    0    0
508    243  256   23   21    0    0    0    0    0
509    204  217   17   15    0    0    0    0    0
510    205  218  217  204    0    0    0    0    0
511    206  219  218  205    0    0    0    0    0
512    207  220  219  206    0    0    0    0    0
513    208  221  220  207    0    0    0    0    0
514    209  222  221  208    0    0    0    0    0
515    210  223  222  209    0    0    0    0    0
516    211  224  223  210    0    0    0    0    0
517    212  225  224  211    0    0    0    0    0
518    213  226  225  212    0    0    0    0    0
519    214  227  226  213    0    0    0    0    0
520    215  228  227  214    0    0    0    0    0
521    216  229  228  215    0    0    0    0    0
522     16   18  229  216    0    0    0    0    0
523     76  591  586   74    0    0    0    0    0
524    591  592  587  586    0    0    0    0    0
525    592  593  588  587    0    0    0    0    0
526    593  594  589  588    0    0    0    0    0
527    594  595  590  589    0    0    0    0    0
528    595   75   73  590    0    0    0    0    0
529     77  596  591   76    0    0    0    0    0
530    596  597  592  591    0    0    0    0    0
531    597  598  593  592    0    0    0    0    0
532    598  599  594  593    0    0    0    0    0
533    599  600  595  594    0    0    0    0    0
534    600   78   75  595    0    0    0    0    0
535    605   80   78  600    0    0    0    0    0
536    604  605  600  599    0    0    0    0    0
537    603  604  599  598    0    0    0    0    0
538    602  603  598  597    0    0    0    0    0
539    601  602  597  596    0    0    0    0    0
540     79  601  596   77    0    0    0    0    0
541    610   82   80  605    0    0    0    0    0
542    609  610  605  604    0    0    0    0    0
543    608  609  604  603    0    0    0    0    0
544    607  608  603  602    0    0    0    0    0
545    606  607  602  601    0    0    0    0    0
546     81  606  601   79    0    0    0    0    0
547    615   84   82  610    0    0    0    0    0
548    614  615  610  609    0    0    0    0    0
549    613  614  609  608    0    0    0    0    0
550    612  613  608  607    0    0    0    0    0
551    611  612  607  606    0    0    0    0    0
552     83  611  606   81    0    0    0    0    0
553    555  373   41   72    0    0    0    0    0
554    556  374  373  555    0    0    0    0    0
555    557  375  374  556    0    0    0    0    0
556    558  376  375  557    0    0    0    0    0
557    559  377  376  558    0    0    0    0    0
558    560  378  377  559    0    0    0    0    0
559    561  379  378  560    0    0    0    0    0
560    562  380  379  561    0    0    0    0    0
561    563  381  380  562    0    0    0    0    0
562    564  382  381  563    0    0    0    0    0
563    565  383  382  564    0    0    0    0    0
564    566  384  383  565    0    0    0    0    0
565    567  385  384  566    0    0    0    0    0
566     69   42  385  567    0    0    0    0    0
567    360  568   71   39    0    0    0    0    0
568    361  569  568  360    0    0    0    0    0
569    362  570  569  361    0    0    0    0    0
570    363  571  570  362    0    0    0    0    0
571    364  572  571  363    0    0    0    0    0
572    365  573  572  364    0    0    0    0    0
573    366  574  573  365    0    0    0    0    0
574    367  575  574  366    0    0    0    0    0
575    368  576  575  367    0    0    0    0    0
576    369  577  576  368    0    0    0    0    0
577    370  578  577  369    0    0    0    0    0
578    371  579  578  370    0    0    0    0    0
579    372  580  579  371    0    0    0    0    0
580     40   70  580  372    0    0    0    0    0
581    635   69   90  630    0    0    0    0    0
582    634  635  630  629    0    0    0    0    0
583    633  634  629  628    0    0    0    0    0
584    632  633  628  627    0    0    0    0    0
585    631  632  627  626    0    0    0    0    0
586     70  631  626   89    0    0    0    0    0
587    645   94   92  640    0    0    0    0    0
588    644  645  640  639    0    0    0    0    0
589    643  644  639  638    0    0    0    0    0
590    642  643  638  637    0    0    0    0    0
591    641  642  637  636    0    0    0    0    0
592     93  641  636   91    0    0    0    0    0
593    650   96   94  645    0    0    0    0    0
594    649  650  645  644    0    0    0    0    0
595    648  649  644  643    0    0    0    0    0
596    647  648  643  642    0    0    0    0    0
597    646  647  642  641    0    0    0    0    0
598     95  646  641   93    0    0    0    0    0
599     89  626  651   97    0    0    0    0    0
600    626  627  652  651    0    0    0    0    0
601    627  628  653  652    0    0    0    0    0
602    628  629  654  653    0    0    0    0    0
603    629  630  655  654    0    0    0    0    0
604    630   90   98  655    0    0    0    0    0
605     97  651  656   99    0    0    0    0    0
606    651  652  657  656    0    0    0    0    0
607    652  653  658  657    0    0    0    0    0
608    653  654  659  658    0    0    0    0    0
609    654  655  660  659    0    0    0    0    0
610    655   98  100  660    0    0    0    0    0
611    660  100  102  665    0    0    0    0    0
612    659  660  665  664    0    0    0    0    0
613    658  659  664  663    0    0    0    0    0
614    657  658  663  662    0    0    0    0    0
615    656  657  662  661    0    0    0    0    0
616     99  656  661  101    0    0    0    0    0
617    665  102  104  670    0    0    0    0    0
618    664  665  670  669    0    0    0    0    0
619    663  664  669  668    0    0    0    0    0
620    662  663  668  667    0    0    0    0    0
621    661  662  667  666    0    0    0    0    0
622    101  661  666  103    0    0    0    0    0
623    670  104   96  650    0    0    0    0    0
624    669  670  650  649    0    0    0    0    0
625    668  669  649  648    0    0    0    0    0
626    667  668  648  647    0    0    0    0    0
627    666  667  647  646    0    0    0    0    0
628    103  666  646   95    0    0    0    0    0

  1   7   90.00
  2   7   90.00
  3   7   90.00
  4   7   90.00
  5   7   90.00
  6   7   90.00
  7   7   90.00
  8   7   90.00
  9   7   90.00
 10   7   90.00
 11   7   90.00
 12   7   90.00
 13   7   90.00
 14   7   90.00
 15   7   90.00
 16   7   90.00
 17   7   90.00
 18   7   90.00
 19   7   90.00
 20   7   90.00
 21   7   90.00
 22   7   90.00
 23   7   90.00
 24   7   90.00
 25   7   90.00
 26   7   90.00
 27   7   90.00
 28   7   90.00
 29   7   90.00
 30   7   90.00
 31   7   90.00
 32   7   90.00
 33   7   90.00
 34   7   90.00
 35   7   90.00
 36   7   90.00
 37   7   90.00
 38   7   90.00
 39   7   90.00
 40   7   90.00
 41   7   90.00
 42   7   90.00
 43   3   90.00
 44   3   90.00
 45   3   90.00
 46   3   90.00
 47   3   90.00
 48   3   90.00
 49   3   90.00
 50   3   90.00
 51   3   90.00
 52   3   90.00
 53   3   90.00
 54   3   90.00
 55   3   90.00
 56   3   90.00
 57   2   90.00
 58   2   90.00
 59   2   90.00
 60   2   90.00
 61   2   90.00
 62   2   90.00
 63   2   90.00
 64   2   90.00
 65   2   90.00
 66   2   90.00
 67   2   90.00
 68   2   90.00
 69   2   90.00
 70   2   90.00
 71   3   90.00
 72   3   90.00
 73   3   90.00
 74   3   90.00
 75   3   90.00
 76   3   90.00
 77   3   90.00
 78   3   90.00
 79   3   90.00
 80   3   90.00
 81   3   90.00
 82   3   90.00
 83   3   90.00
 84   3   90.00
 85   2   90.00
 86   2   90.00
 87   2   90.00
 88   2   90.00
 89   2   90.00
 90   2   90.00
 91   2   90.00
 92   2   90.00
 93   2   90.00
 94   2   90.00
 95   2   90.00
 96   2   90.00
 97   2   90.00
 98   2   90.00
 99   3   90.00
100   3   90.00
101   3   90.00
102   3   90.00
103   3   90.00
104   3   90.00
105   3   90.00
106   3   90.00
107   3   90.00
108   3   90.00
109   3   90.00
110   3   90.00
111   3   90.00
112   3   90.00
113   2   90.00
114   2   90.00
115   2   90.00
116   2   90.00
117   2   90.00
118   2   90.00
119   2   90.00
120   2   90.00
121   2   90.00
122   2   90.00
123   2   90.00
124   2   90.00
125   2   90.00
126   2   90.00
127   3   90.00
128   3   90.00
129   3   90.00
130   3   90.00
131   3   90.00
132   3   90.00
133   3   90.00
134   3   90.00
135   3   90.00
136   3   90.00
137   3   90.00
138   3   90.00
139   3   90.00
140   3   90.00
141   6    0.00
142   6    0.00
143   6    0.00
144   6    0.00
145   6    0.00
146   6    0.00
147   1    0.00
148   1    0.00
149   1    0.00
150   1    0.00
151   1    0.00
152   1    0.00
153   1    0.00
154   1    0.00
155   1    0.00
156   1    0.00
157   1    0.00
158   1    0.00
159   3  270.00
160   3  270.00
161   3  270.00
162   3  270.00
163   3  270.00
164   3  270.00
165   3  270.00
166   3  270.00
167   3  270.00
168   3  270.00
169   3  270.00
170   3  270.00
171   3  270.00
172   3  270.00
173   2  270.00
174   2  270.00
175   2  270.00
176   2  270.00
177   2  270.00
178   2  270.00
179   2  270.00
180   2  270.00
181   2  270.00
182   2  270.00
183   2  270.00
184   2  270.00
185   2  270.00
186   2  270.00
187   3  270.00
188   3  270.00
189   3  270.00
190   3  270.00
191   3  270.00
192   3  270.00
193   3  270.00
194   3  270.00
195   3  270.00
196   3  270.00
197   3  270.00
198   3  270.00
199   3  270.00
200   3  270.00
201   2  270.00
202   2  270.00
203   2  270.00
204   2  270.00
205   2  270.00
206   2  270.00
207   2  270.00
208   2  270.00
209   2  270.00
210   2  270.00
211   2  270.00
212   2  270.00
213   2  270.00
214   2  270.00
215   3  270.00
216   3  270.00
217   3  270.00
218   3  270.00
219   3  270.00
220   3  270.00
221   3  270.00
222   3  270.00
223   3  270.00
224   3  270.00
225   3  270.00
226   3  270.00
227   3  270.00
228   3  270.00
229   2  270.00
230   2  270.00
231   2  270.00
232   2  270.00
233   2  270.00
234   2  270.00
235   2  270.00
236   2  270.00
237   2  270.00
238   2  270.00
239   2  270.00
240   2  270.00
241   2  270.00
242   2  270.00
243   3  270.00
244   3  270.00
245   3  270.00
246   3  270.00
247   3  270.00
248   3  270.00
249   3  270.00
250   3  270.00
251   3  270.00
252   3  270.00
253   3  270.00
254   3  270.00
255   3  270.00
256   3  270.00
257   7  270.00
258   7  270.00
259   7  270.00
260   7  270.00
261   7  270.00
262   7  270.00
263   7  270.00
264   7  270.00
265   7  270.00
266   7  270.00
267   7  270.00
268   7  270.00
269   7  270.00
270   7  270.00
271   7  270.00
272   7  270.00
273   7  270.00
274   7  270.00
275   7  270.00
276   7  270.00
277   7  270.00
278   7  270.00
279   7  270.00
280   7  270.00
281   7  270.00
282   7  270.00
283   7  270.00
284   7  270.00
285   7  270.00
286   7  270.00
287   7  270.00
288   7  270.00
289   7  270.00
290   7  270.00
291   7  270.00
292   7  270.00
293   7  270.00
294   7  270.00
295   7  270.00
296   7  270.00
297   7  270.00
298   7  270.00
299   2  270.00
300   2  270.00
301   2  270.00
302   2  270.00
303   2  270.00
304   2  270.00
305   2  270.00
306   2  270.00
307   2  270.00
308   2  270.00
309   2  270.00
310   2  270.00
311   2  270.00
312   2  270.00
313   3  270.00
314   3  270.00
315   3  270.00
316   3  270.00
317   3  270.00
318   3  270.00
319   3  270.00
320   3  270.00
321   3  270.00
322   3  270.00
323   3  270.00
324   3  270.00
325   3  270.00
326   3  270.00
327   2  270.00
328   2  270.00
329   2  270.00
330   2  270.00
331   2  270.00
332   2  270.00
333   2  270.00
334   2  270.00
335   2  270.00
336   2  270.00
337   2  270.00
338   2  270.00
339   2  270.00
340   2  270.00
341   3  270.00
342   3  270.00
343   3  270.00
344   3  270.00
345   3  270.00
346   3  270.00
347   3  270.00
348   3  270.00
349   3  270.00
350   3  270.00
351   3  270.00
352   3  270.00
353   3  270.00
354   3  270.00
355   2  270.00
356   2  270.00
357   2  270.00
358   2  270.00
359   2  270.00
360   2  270.00
361   2  270.00
362   2  270.00
363   2  270.00
364   2  270.00
365   2  270.00
366   2  270.00
367   2  270.00
368   2  270.00
369   3  270.00
370   3  270.00
371   3  270.00
372   3  270.00
373   3  270.00
374   3  270.00
375   3  270.00
376   3  270.00
377   3  270.00
378   3  270.00
379   3  270.00
380   3  270.00
381   3  270.00
382   3  270.00
383   2  270.00
384   2  270.00
385   2  270.00
386   2  270.00
387   2  270.00
388   2  270.00
389   2  270.00
390   2  270.00
391   2  270.00
392   2  270.00
393   2  270.00
394   2  270.00
395   2  270.00
396   2  270.00
397   3  270.00
398   3  270.00
399   3  270.00
400   3  270.00
401   3  270.00
402   3  270.00
403   3  270.00
404   3  270.00
405   3  270.00
406   3  270.00
407   3  270.00
408   3  270.00
409   3  270.00
410   3  270.00
411   2   90.00
412   2   90.00
413   2   90.00
414   2   90.00
415   2   90.00
416   2   90.00
417   2   90.00
418   2   90.00
419   2   90.00
420   2   90.00
421   2   90.00
422   2   90.00
423   2   90.00
424   2   90.00
425   3   90.00
426   3   90.00
427   3   90.00
428   3   90.00
429   3   90.00
430   3   90.00
431   3   90.00
432   3   90.00
433   3   90.00
434   3   90.00
435   3   90.00
436   3   90.00
437   3   90.00
438   3   90.00
439   3   90.00
440   3   90.00
441   3   90.00
442   3   90.00
443   3   90.00
444   3   90.00
445   3   90.00
446   3   90.00
447   3   90.00
448   3   90.00
449   3   90.00
450   3   90.00
451   3   90.00
452   3   90.00
453   2   90.00
454   2   90.00
455   2   90.00
456   2   90.00
457   2   90.00
458   2   90.00
459   2   90.00
460   2   90.00
461   2   90.00
462   2   90.00
463   2   90.00
464   2   90.00
465   2   90.00
466   2   90.00
467   2   90.00
468   2   90.00
469   2   90.00
470   2   90.00
471   2   90.00
472   2   90.00
473   2   90.00
474   2   90.00
475   2   90.00
476   2   90.00
477   2   90.00
478   2   90.00
479   2   90.00
480   2   90.00
481   3   90.00
482   3   90.00
483   3   90.00
484   3   90.00
485   3   90.00
486   3   90.00
487   3   90.00
488   3   90.00
489   3   90.00
490   3   90.00
491   3   90.00
492   3   90.00
493   3   90.00
494   3   90.00
495   2   90.00
496   2   90.00
497   2   90.00
498   2   90.00
499   2   90.00
500   2   90.00
501   2   90.00
502   2   90.00
503   2   90.00
504   2   90.00
505   2   90.00
506   2   90.00
507   2   90.00
508   2   90.00
509   3   90.00
510   3   90.00
511   3   90.00
512   3   90.00
513   3   90.00
514   3   90.00
515   3   90.00
516   3   90.00
517   3   90.00
518   3   90.00
519   3   90.00
520   3   90.00
521   3   90.00
522   3   90.00
523   6    0.00
524   6    0.00
525   6    0.00
526   6    0.00
527   6    0.00
528   6    0.00
529   5    0.00
530   5    0.00
531   5    0.00
532   5    0.00
533   5    0.00
534   5    0.00
535   4    0.00
536   4    0.00
537   4    0.00
538   4    0.00
539   4    0.00
540   4    0.00
541   5    0.00
542   5    0.00
543   5    0.00
544   5    0.00
545   5    0.00
546   5    0.00
547   4    0.00
548   4    0.00
549   4    0.00
550   4    0.00
551   4    0.00
552   4    0.00
553   2  270.00
554   2  270.00
555   2  270.00
556   2  270.00
557   2  270.00
558   2  270.00
559   2  270.00
560   2  270.00
561   2  270.00
562   2  270.00
563   2  270.00
564   2  270.00
565   2  270.00
566   2  270.00
567   2   90.00
568   2   90.00
569   2   90.00
570   2   90.00
571   2   90.00
572   2   90.00
573   2   90.00
574   2   90.00
575   2   90.00
576   2   90.00
577   2   90.00
578   2   90.00
579   2   90.00
580   2   90.00
581   6  180.00
582   6  180.00
583   6  180.00
584   6  180.00
585   6  180.00
586   6  180.00
587   1  180.00
588   1  180.00
589   1  180.00
590   1  180.00
591   1  180.00
592   1  180.00
593   1  180.00
594   1  180.00
595   1  180.00
596   1  180.00
597   1  180.00
598   1  180.00
599   6  180.00
600   6  180.00
601   6  180.00
602   6  180.00
603   6  180.00
604   6  180.00
605   5  180.00
606   5  180.00
607   5  180.00
608   5  180.00
609   5  180.00
610   5  180.00
611   4  180.00
612   4  180.00
613   4  180.00
614   4  180.00
615   4  180.00
616   4  180.00
617   5  180.00
618   5  180.00
619   5  180.00
620   5  180.00
621   5  180.00
622   5  180.00
623   4  180.00
624   4  180.00
625   4  180.00
626   4  180.00
627   4  180.00
628   4  180.00

1    1     0.00
2    2    45.00
3    2   -45.00
4    3    45.00
5    3   -45.00
6    3     0.00
7    4     0.00

1   1   # E-LT-5500/EP-3
4.18000e+10   1.40000e+10   1.40000e+10
2.63000e+09   2.63000e+09   2.63000e+09
2.80000e-01   2.80000e-01   2.80000e-01
1.92000e+03

2   1   # Saertex/EP-3
1.36000e+10   1.33000e+10   1.33000e+10
1.18000e+10   1.18000e+10   1.18000e+10
5.10000e-01   5.10000e-01   5.10000e-01
1.78000e+03

3   1   # SNL Triax
2.77000e+10   1.36500e+10   1.36500e+10
7.20000e+09   7.20000e+09   7.20000e+09
3.90000e-01   3.90000e-01   3.90000e-01
1.85000e+03

4   0   # Foam
2.56000e+08   3.00000e-01
2.00000e+02

