        1   -7.5000000000E-01    3.1650000000E-01
        2   -7.5000000000E-01    3.2100000000E-01
        3   -7.5000000000E-01    3.2550000000E-01
        4    7.5000000000E-01    3.1650000000E-01
        5    7.5000000000E-01    3.2100000000E-01
        6    7.5000000000E-01    3.2550000000E-01
        7   -7.5000000000E-01   -3.2550000000E-01
        8   -7.5000000000E-01   -3.2100000000E-01
        9   -7.5000000000E-01   -3.1650000000E-01
       10    7.5000000000E-01   -3.2550000000E-01
       11    7.5000000000E-01   -3.2100000000E-01
       12    7.5000000000E-01   -3.1650000000E-01
       13   -8.3600000000E-01   -3.2550000000E-01
       14   -8.3600000000E-01    0.0000000000E+00
       15   -8.3600000000E-01    3.2550000000E-01
       16   -8.3562500000E-01   -3.2550000000E-01
       17   -8.3562500000E-01    0.0000000000E+00
       18   -8.3562500000E-01    3.2550000000E-01
       19   -8.3525000000E-01   -3.2550000000E-01
       20   -8.3525000000E-01    0.0000000000E+00
       21   -8.3525000000E-01    3.2550000000E-01
       22   -8.3487500000E-01   -3.2550000000E-01
       23   -8.3487500000E-01    0.0000000000E+00
       24   -8.3487500000E-01    3.2550000000E-01
       25   -8.3450000000E-01   -3.2550000000E-01
       26   -8.3450000000E-01    0.0000000000E+00
       27   -8.3450000000E-01    3.2550000000E-01
       28   -8.3412500000E-01   -3.2550000000E-01
       29   -8.3412500000E-01    0.0000000000E+00
       30   -8.3412500000E-01    3.2550000000E-01
       31   -8.3375000000E-01   -3.2550000000E-01
       32   -8.3375000000E-01    0.0000000000E+00
       33   -8.3375000000E-01    3.2550000000E-01
       34   -8.3337500000E-01   -3.2550000000E-01
       35   -8.3337500000E-01    0.0000000000E+00
       36   -8.3337500000E-01    3.2550000000E-01
       37   -8.3300000000E-01   -3.2550000000E-01
       38   -8.3300000000E-01    0.0000000000E+00
       39   -8.3300000000E-01    3.2550000000E-01
       40   -8.3300000000E-01   -3.2550000000E-01
       41   -8.3300000000E-01    0.0000000000E+00
       42   -8.3300000000E-01    3.2550000000E-01
       43   -8.1300000000E-01   -3.2550000000E-01
       44   -8.1300000000E-01    0.0000000000E+00
       45   -8.1300000000E-01    3.2550000000E-01
       46   -7.9300000000E-01   -3.2550000000E-01
       47   -7.9300000000E-01    0.0000000000E+00
       48   -7.9300000000E-01    3.2550000000E-01
       49   -7.7300000000E-01   -3.2550000000E-01
       50   -7.7300000000E-01    0.0000000000E+00
       51   -7.7300000000E-01    3.2550000000E-01
       52   -7.5300000000E-01   -3.2550000000E-01
       53   -7.5300000000E-01    0.0000000000E+00
       54   -7.5300000000E-01    3.2550000000E-01
       55   -7.5300000000E-01   -3.2550000000E-01
       56   -7.5300000000E-01    0.0000000000E+00
       57   -7.5300000000E-01    3.2550000000E-01
       58   -7.5262500000E-01   -3.2550000000E-01
       59   -7.5262500000E-01    0.0000000000E+00
       60   -7.5262500000E-01    3.2550000000E-01
       61   -7.5225000000E-01   -3.2550000000E-01
       62   -7.5225000000E-01    0.0000000000E+00
       63   -7.5225000000E-01    3.2550000000E-01
       64   -7.5187500000E-01   -3.2550000000E-01
       65   -7.5187500000E-01    0.0000000000E+00
       66   -7.5187500000E-01    3.2550000000E-01
       67   -7.5150000000E-01   -3.2550000000E-01
       68   -7.5150000000E-01    0.0000000000E+00
       69   -7.5150000000E-01    3.2550000000E-01
       70   -7.5112500000E-01   -3.2550000000E-01
       71   -7.5112500000E-01    0.0000000000E+00
       72   -7.5112500000E-01    3.2550000000E-01
       73   -7.5075000000E-01   -3.2550000000E-01
       74   -7.5075000000E-01    0.0000000000E+00
       75   -7.5075000000E-01    3.2550000000E-01
       76   -7.5037500000E-01   -3.2550000000E-01
       77   -7.5037500000E-01    0.0000000000E+00
       78   -7.5037500000E-01    3.2550000000E-01
       79   -7.5000000000E-01   -3.2550000000E-01
       80   -7.5000000000E-01    0.0000000000E+00
       81   -7.5000000000E-01    3.2550000000E-01
       82    7.5000000000E-01   -3.2550000000E-01
       83    7.5000000000E-01    0.0000000000E+00
       84    7.5000000000E-01    3.2550000000E-01
       85    7.5037500000E-01   -3.2550000000E-01
       86    7.5037500000E-01    0.0000000000E+00
       87    7.5037500000E-01    3.2550000000E-01
       88    7.5075000000E-01   -3.2550000000E-01
       89    7.5075000000E-01    0.0000000000E+00
       90    7.5075000000E-01    3.2550000000E-01
       91    7.5112500000E-01   -3.2550000000E-01
       92    7.5112500000E-01    0.0000000000E+00
       93    7.5112500000E-01    3.2550000000E-01
       94    7.5150000000E-01   -3.2550000000E-01
       95    7.5150000000E-01    0.0000000000E+00
       96    7.5150000000E-01    3.2550000000E-01
       97    7.5187500000E-01   -3.2550000000E-01
       98    7.5187500000E-01    0.0000000000E+00
       99    7.5187500000E-01    3.2550000000E-01
      100    7.5225000000E-01   -3.2550000000E-01
      101    7.5225000000E-01    0.0000000000E+00
      102    7.5225000000E-01    3.2550000000E-01
      103    7.5262500000E-01   -3.2550000000E-01
      104    7.5262500000E-01    0.0000000000E+00
      105    7.5262500000E-01    3.2550000000E-01
      106    7.5300000000E-01   -3.2550000000E-01
      107    7.5300000000E-01    0.0000000000E+00
      108    7.5300000000E-01    3.2550000000E-01
      109    7.5300000000E-01   -3.2550000000E-01
      110    7.5300000000E-01    0.0000000000E+00
      111    7.5300000000E-01    3.2550000000E-01
      112    7.7300000000E-01   -3.2550000000E-01
      113    7.7300000000E-01    0.0000000000E+00
      114    7.7300000000E-01    3.2550000000E-01
      115    7.9300000000E-01   -3.2550000000E-01
      116    7.9300000000E-01    0.0000000000E+00
      117    7.9300000000E-01    3.2550000000E-01
      118    8.1300000000E-01   -3.2550000000E-01
      119    8.1300000000E-01    0.0000000000E+00
      120    8.1300000000E-01    3.2550000000E-01
      121    8.3300000000E-01   -3.2550000000E-01
      122    8.3300000000E-01    0.0000000000E+00
      123    8.3300000000E-01    3.2550000000E-01
      124    8.3300000000E-01   -3.2550000000E-01
      125    8.3300000000E-01    0.0000000000E+00
      126    8.3300000000E-01    3.2550000000E-01
      127    8.3337500000E-01   -3.2550000000E-01
      128    8.3337500000E-01    0.0000000000E+00
      129    8.3337500000E-01    3.2550000000E-01
      130    8.3375000000E-01   -3.2550000000E-01
      131    8.3375000000E-01    0.0000000000E+00
      132    8.3375000000E-01    3.2550000000E-01
      133    8.3412500000E-01   -3.2550000000E-01
      134    8.3412500000E-01    0.0000000000E+00
      135    8.3412500000E-01    3.2550000000E-01
      136    8.3450000000E-01   -3.2550000000E-01
      137    8.3450000000E-01    0.0000000000E+00
      138    8.3450000000E-01    3.2550000000E-01
      139    8.3487500000E-01   -3.2550000000E-01
      140    8.3487500000E-01    0.0000000000E+00
      141    8.3487500000E-01    3.2550000000E-01
      142    8.3525000000E-01   -3.2550000000E-01
      143    8.3525000000E-01    0.0000000000E+00
      144    8.3525000000E-01    3.2550000000E-01
      145    8.3562500000E-01   -3.2550000000E-01
      146    8.3562500000E-01    0.0000000000E+00
      147    8.3562500000E-01    3.2550000000E-01
      148    8.3600000000E-01   -3.2550000000E-01
      149    8.3600000000E-01    0.0000000000E+00
      150    8.3600000000E-01    3.2550000000E-01